 
График4 
-------------------
350.000000 0.101470
351.000000 0.095111
352.000000 0.091946
353.000000 0.087928
354.000000 0.081169
355.000000 0.076488
356.000000 0.071354
357.000000 0.066112
358.000000 0.063335
359.000000 0.058731
360.000000 0.052823
361.000000 0.049180
362.000000 0.045457
363.000000 0.040956
364.000000 0.038087
365.000000 0.038044
366.000000 0.035440
367.000000 0.030652
368.000000 0.028320
369.000000 0.026204
370.000000 0.023843
371.000000 0.023093
372.000000 0.022580
373.000000 0.020691
374.000000 0.020041
375.000000 0.020668
376.000000 0.018422
377.000000 0.017082
378.000000 0.018785
379.000000 0.018374
380.000000 0.017877
381.000000 0.018227
382.000000 0.017364
383.000000 0.016555
384.000000 0.017298
385.000000 0.017819
386.000000 0.017698
387.000000 0.019370
388.000000 0.020254
389.000000 0.019371
390.000000 0.018492
391.000000 0.017782
392.000000 0.019117
393.000000 0.020534
394.000000 0.021376
395.000000 0.022477
396.000000 0.023730
397.000000 0.024574
398.000000 0.027343
399.000000 0.028175
400.000000 0.026377
401.000000 0.028597
402.000000 0.032643
403.000000 0.035070
404.000000 0.036198
405.000000 0.036395
406.000000 0.036866
407.000000 0.038421
408.000000 0.039923
409.000000 0.042419
410.000000 0.045805
411.000000 0.049376
412.000000 0.053529
413.000000 0.055733
414.000000 0.055346
415.000000 0.055664
416.000000 0.057990
417.000000 0.062564
418.000000 0.065441
419.000000 0.068168
420.000000 0.071485
421.000000 0.073985
422.000000 0.077016
423.000000 0.080649
424.000000 0.083551
425.000000 0.088660
426.000000 0.093509
427.000000 0.095592
428.000000 0.099680
429.000000 0.104559
430.000000 0.110018
431.000000 0.116044
432.000000 0.120695
433.000000 0.124882
434.000000 0.130913
435.000000 0.138458
436.000000 0.146068
437.000000 0.153458
438.000000 0.161224
439.000000 0.167947
440.000000 0.176068
441.000000 0.184481
442.000000 0.190968
443.000000 0.200002
444.000000 0.210265
445.000000 0.219479
446.000000 0.228043
447.000000 0.238133
448.000000 0.248704
449.000000 0.258547
450.000000 0.269373
451.000000 0.281709
452.000000 0.294889
453.000000 0.306019
454.000000 0.316378
455.000000 0.327141
456.000000 0.339438
457.000000 0.352890
458.000000 0.366799
459.000000 0.380560
460.000000 0.392735
461.000000 0.405525
462.000000 0.419801
463.000000 0.434816
464.000000 0.450231
465.000000 0.464438
466.000000 0.478140
467.000000 0.491891
468.000000 0.506309
469.000000 0.522061
470.000000 0.537322
471.000000 0.550948
472.000000 0.565460
473.000000 0.580735
474.000000 0.596066
475.000000 0.612666
476.000000 0.629811
477.000000 0.647611
478.000000 0.664043
479.000000 0.681157
480.000000 0.698360
481.000000 0.713045
482.000000 0.728163
483.000000 0.743813
484.000000 0.759894
485.000000 0.777432
486.000000 0.792993
487.000000 0.804613
488.000000 0.817895
489.000000 0.832093
490.000000 0.844863
491.000000 0.859602
492.000000 0.872843
493.000000 0.885631
494.000000 0.899498
495.000000 0.912053
496.000000 0.927729
497.000000 0.941445
498.000000 0.951274
499.000000 0.962172
500.000000 0.974840
501.000000 0.987037
502.000000 0.996545
503.000000 1.005003
504.000000 1.014267
505.000000 1.023877
506.000000 1.033442
507.000000 1.040880
508.000000 1.048449
509.000000 1.054352
510.000000 1.056192
511.000000 1.059963
512.000000 1.064999
513.000000 1.068737
514.000000 1.070796
515.000000 1.074726
516.000000 1.075333
517.000000 1.068229
518.000000 1.063106
519.000000 1.060216
520.000000 1.057908
521.000000 1.054478
522.000000 1.046100
523.000000 1.042457
524.000000 1.039143
525.000000 1.029824
526.000000 1.022296
527.000000 1.017410
528.000000 1.013223
529.000000 1.006841
530.000000 1.003157
531.000000 0.997462
532.000000 0.987188
533.000000 0.980482
534.000000 0.974326
535.000000 0.968329
536.000000 0.963820
537.000000 0.955365
538.000000 0.947260
539.000000 0.938664
540.000000 0.927184
541.000000 0.916824
542.000000 0.905029
543.000000 0.892616
544.000000 0.877324
545.000000 0.863001
546.000000 0.844789
547.000000 0.820991
548.000000 0.801305
549.000000 0.781885
550.000000 0.760473
551.000000 0.738316
552.000000 0.715087
553.000000 0.688967
554.000000 0.661115
555.000000 0.632529
556.000000 0.601720
557.000000 0.568237
558.000000 0.534200
559.000000 0.500811
560.000000 0.468911
561.000000 0.437240
562.000000 0.407847
563.000000 0.379766
564.000000 0.351559
565.000000 0.325075
566.000000 0.300145
567.000000 0.276788
568.000000 0.254365
569.000000 0.233244
570.000000 0.213637
571.000000 0.195285
572.000000 0.178541
573.000000 0.163241
574.000000 0.149347
575.000000 0.135987
576.000000 0.123467
577.000000 0.111556
578.000000 0.100330
579.000000 0.091819
580.000000 0.084309
581.000000 0.076876
582.000000 0.069903
583.000000 0.063167
584.000000 0.057431
585.000000 0.051847
586.000000 0.046803
587.000000 0.043023
588.000000 0.039903
589.000000 0.035975
590.000000 0.031375
591.000000 0.027605
592.000000 0.024504
593.000000 0.021666
594.000000 0.020061
595.000000 0.018643
596.000000 0.016298
597.000000 0.014276
598.000000 0.012430
599.000000 0.011203
600.000000 0.009835
601.000000 0.008262
602.000000 0.007113
603.000000 0.006601
604.000000 0.006250
605.000000 0.005571
606.000000 0.005092
607.000000 0.004856
608.000000 0.002932
609.000000 0.001205
610.000000 0.002265
611.000000 0.003078
612.000000 0.002513
613.000000 0.002175
614.000000 0.001244
615.000000 0.000803
616.000000 0.001532
617.000000 0.001004
618.000000 0.000093
619.000000 0.000137
620.000000 0.000010
621.000000 -0.000304
622.000000 -0.000247
623.000000 -0.000589
624.000000 -0.000629
625.000000 -0.000719
626.000000 -0.000868
627.000000 -0.000761
628.000000 -0.000794
629.000000 -0.000187
630.000000 0.000487
631.000000 -0.000232
632.000000 -0.001301
633.000000 -0.001571
634.000000 -0.001124
635.000000 -0.000604
636.000000 -0.000652
637.000000 -0.000490
638.000000 -0.000471
639.000000 -0.000883
640.000000 -0.001070
641.000000 -0.001128
642.000000 -0.000935
643.000000 -0.000341
644.000000 -0.000479
645.000000 -0.000688
646.000000 -0.000581
647.000000 -0.001191
648.000000 -0.000815
649.000000 0.000505
650.000000 0.000173
651.000000 -0.000315
652.000000 0.000407
653.000000 0.000107
654.000000 -0.000522
655.000000 -0.001003
656.000000 -0.000909
657.000000 -0.000261
658.000000 -0.000105
659.000000 -0.000563
660.000000 -0.000496
661.000000 -0.000426
662.000000 -0.000678
663.000000 0.000033
664.000000 0.000039
665.000000 -0.000453
666.000000 -0.000895
667.000000 -0.000740
668.000000 -0.000392
669.000000 -0.000942
670.000000 -0.000732
671.000000 0.000005
672.000000 0.000055
673.000000 -0.000337
674.000000 -0.000629
675.000000 -0.000464
676.000000 -0.000032
677.000000 -0.000028
678.000000 0.000034
679.000000 -0.000178
680.000000 -0.000785
681.000000 -0.000371
682.000000 -0.000019
683.000000 -0.000380
684.000000 -0.000743
685.000000 -0.000641
686.000000 -0.000537
687.000000 -0.000633
688.000000 -0.000599
689.000000 -0.000106
690.000000 -0.000154
691.000000 -0.000427
692.000000 -0.000156
693.000000 -0.000263
694.000000 -0.000385
695.000000 -0.000622
696.000000 -0.000693
697.000000 -0.000462
698.000000 -0.000683
699.000000 -0.001026
700.000000 -0.001140
 
График10 
-------------------
350.000000 0.070063
351.000000 0.070130
352.000000 0.073413
353.000000 0.074680
354.000000 0.076154
355.000000 0.079750
356.000000 0.083108
357.000000 0.087203
358.000000 0.092384
359.000000 0.095535
360.000000 0.096500
361.000000 0.101451
362.000000 0.107398
363.000000 0.112586
364.000000 0.119446
365.000000 0.126384
366.000000 0.131127
367.000000 0.134249
368.000000 0.138424
369.000000 0.143461
370.000000 0.148525
371.000000 0.153740
372.000000 0.159977
373.000000 0.165977
374.000000 0.171876
375.000000 0.178798
376.000000 0.184455
377.000000 0.189378
378.000000 0.196174
379.000000 0.202443
380.000000 0.208755
381.000000 0.215970
382.000000 0.221991
383.000000 0.228860
384.000000 0.236634
385.000000 0.242813
386.000000 0.248111
387.000000 0.254595
388.000000 0.261731
389.000000 0.267762
390.000000 0.275065
391.000000 0.282896
392.000000 0.288614
393.000000 0.295251
394.000000 0.303803
395.000000 0.311784
396.000000 0.319498
397.000000 0.327364
398.000000 0.336040
399.000000 0.342905
400.000000 0.348244
401.000000 0.354636
402.000000 0.361192
403.000000 0.368001
404.000000 0.375988
405.000000 0.382249
406.000000 0.387552
407.000000 0.393395
408.000000 0.399113
409.000000 0.405393
410.000000 0.412026
411.000000 0.418251
412.000000 0.425420
413.000000 0.431840
414.000000 0.435974
415.000000 0.439777
416.000000 0.444169
417.000000 0.449870
418.000000 0.454569
419.000000 0.459056
420.000000 0.463084
421.000000 0.468442
422.000000 0.474736
423.000000 0.479371
424.000000 0.483443
425.000000 0.487828
426.000000 0.493313
427.000000 0.497519
428.000000 0.501096
429.000000 0.506086
430.000000 0.511446
431.000000 0.516735
432.000000 0.520722
433.000000 0.525359
434.000000 0.530340
435.000000 0.534360
436.000000 0.539035
437.000000 0.544089
438.000000 0.548991
439.000000 0.553500
440.000000 0.558805
441.000000 0.563660
442.000000 0.567422
443.000000 0.571760
444.000000 0.576294
445.000000 0.581045
446.000000 0.585051
447.000000 0.590033
448.000000 0.593733
449.000000 0.596628
450.000000 0.601355
451.000000 0.605892
452.000000 0.610525
453.000000 0.614731
454.000000 0.618105
455.000000 0.620849
456.000000 0.624569
457.000000 0.629140
458.000000 0.632641
459.000000 0.634980
460.000000 0.636714
461.000000 0.638187
462.000000 0.640262
463.000000 0.642577
464.000000 0.644019
465.000000 0.645343
466.000000 0.647535
467.000000 0.648689
468.000000 0.648880
469.000000 0.648274
470.000000 0.647358
471.000000 0.647155
472.000000 0.647184
473.000000 0.646560
474.000000 0.644321
475.000000 0.641791
476.000000 0.639603
477.000000 0.637050
478.000000 0.633670
479.000000 0.630249
480.000000 0.625558
481.000000 0.619629
482.000000 0.614964
483.000000 0.611400
484.000000 0.608281
485.000000 0.602611
486.000000 0.594670
487.000000 0.587613
488.000000 0.580946
489.000000 0.573987
490.000000 0.567262
491.000000 0.560926
492.000000 0.553161
493.000000 0.544630
494.000000 0.537038
495.000000 0.529335
496.000000 0.520118
497.000000 0.510461
498.000000 0.502315
499.000000 0.494851
500.000000 0.486729
501.000000 0.477527
502.000000 0.468075
503.000000 0.458380
504.000000 0.448743
505.000000 0.439923
506.000000 0.431592
507.000000 0.421587
508.000000 0.409828
509.000000 0.399189
510.000000 0.388730
511.000000 0.377898
512.000000 0.367890
513.000000 0.357087
514.000000 0.346508
515.000000 0.335215
516.000000 0.323061
517.000000 0.312397
518.000000 0.301675
519.000000 0.290841
520.000000 0.280919
521.000000 0.270105
522.000000 0.258292
523.000000 0.247435
524.000000 0.236723
525.000000 0.226916
526.000000 0.217321
527.000000 0.208486
528.000000 0.198254
529.000000 0.186542
530.000000 0.178618
531.000000 0.171869
532.000000 0.162882
533.000000 0.155097
534.000000 0.146580
535.000000 0.137431
536.000000 0.131162
537.000000 0.125492
538.000000 0.119991
539.000000 0.112623
540.000000 0.104483
541.000000 0.099334
542.000000 0.094131
543.000000 0.087674
544.000000 0.082441
545.000000 0.077401
546.000000 0.072694
547.000000 0.068168
548.000000 0.063172
549.000000 0.059466
550.000000 0.056198
551.000000 0.052812
552.000000 0.049656
553.000000 0.046364
554.000000 0.042660
555.000000 0.039624
556.000000 0.037127
557.000000 0.034135
558.000000 0.031239
559.000000 0.028600
560.000000 0.026688
561.000000 0.025071
562.000000 0.024362
563.000000 0.022892
564.000000 0.020046
565.000000 0.017848
566.000000 0.015997
567.000000 0.014580
568.000000 0.013795
569.000000 0.013757
570.000000 0.012589
571.000000 0.010833
572.000000 0.010056
573.000000 0.009299
574.000000 0.009466
575.000000 0.009227
576.000000 0.008399
577.000000 0.007435
578.000000 0.006327
579.000000 0.006279
580.000000 0.006488
581.000000 0.006443
582.000000 0.006028
583.000000 0.005116
584.000000 0.004076
585.000000 0.003253
586.000000 0.002943
587.000000 0.002547
588.000000 0.003690
589.000000 0.004627
590.000000 0.003774
591.000000 0.003622
592.000000 0.003401
593.000000 0.003276
594.000000 0.004540
595.000000 0.004480
596.000000 0.003183
597.000000 0.003176
598.000000 0.003825
599.000000 0.004678
600.000000 0.004367
601.000000 0.003081
602.000000 0.001708
603.000000 0.000811
604.000000 0.001383
605.000000 0.002297
606.000000 0.002846
607.000000 0.003117
608.000000 0.002452
609.000000 0.001664
610.000000 0.001817
611.000000 0.001978
612.000000 0.001645
613.000000 0.001877
614.000000 0.001726
615.000000 0.001203
616.000000 0.000957
617.000000 0.000081
618.000000 -0.000290
619.000000 0.000532
620.000000 0.000462
621.000000 0.000092
622.000000 0.000062
623.000000 -0.000576
624.000000 -0.000526
625.000000 0.000196
626.000000 0.000200
627.000000 -0.000433
628.000000 -0.000848
629.000000 -0.001130
630.000000 -0.001203
631.000000 -0.001309
632.000000 -0.001285
633.000000 -0.000788
634.000000 -0.001620
635.000000 -0.002322
636.000000 -0.001530
637.000000 -0.000651
638.000000 -0.000584
639.000000 -0.000661
640.000000 -0.000479
641.000000 -0.001232
642.000000 -0.001614
643.000000 -0.001305
644.000000 -0.001577
645.000000 -0.001572
646.000000 -0.000881
647.000000 -0.000742
648.000000 -0.001401
649.000000 -0.000893
650.000000 -0.000884
651.000000 -0.001522
652.000000 -0.000750
653.000000 -0.000670
654.000000 -0.001055
655.000000 -0.001514
656.000000 -0.002022
657.000000 -0.001821
658.000000 -0.001576
659.000000 -0.001531
660.000000 -0.001168
661.000000 -0.001437
662.000000 -0.002919
663.000000 -0.002524
664.000000 -0.001566
665.000000 -0.001881
666.000000 -0.002146
667.000000 -0.002183
668.000000 -0.001524
669.000000 -0.001752
670.000000 -0.001928
671.000000 -0.001744
672.000000 -0.002026
673.000000 -0.001346
674.000000 -0.000786
675.000000 -0.001395
676.000000 -0.001456
677.000000 -0.001428
678.000000 -0.001686
679.000000 -0.001437
680.000000 -0.001503
681.000000 -0.001428
682.000000 -0.001460
683.000000 -0.002095
684.000000 -0.002175
685.000000 -0.001575
686.000000 -0.001230
687.000000 -0.001142
688.000000 -0.001062
689.000000 -0.001197
690.000000 -0.001250
691.000000 -0.001105
692.000000 -0.000630
693.000000 -0.000649
694.000000 -0.000677
695.000000 -0.000635
696.000000 -0.000868
697.000000 -0.001112
698.000000 -0.001400
699.000000 -0.001294
700.000000 -0.001259
 
График13 
-------------------
350.000000 0.063162
351.000000 0.060632
352.000000 0.061940
353.000000 0.061758
354.000000 0.060861
355.000000 0.062035
356.000000 0.061549
357.000000 0.061362
358.000000 0.063379
359.000000 0.063997
360.000000 0.064368
361.000000 0.065802
362.000000 0.068113
363.000000 0.069941
364.000000 0.071753
365.000000 0.075727
366.000000 0.078304
367.000000 0.079247
368.000000 0.081993
369.000000 0.085974
370.000000 0.090042
371.000000 0.092952
372.000000 0.096394
373.000000 0.100469
374.000000 0.104077
375.000000 0.108344
376.000000 0.111397
377.000000 0.114344
378.000000 0.120079
379.000000 0.124908
380.000000 0.128981
381.000000 0.133867
382.000000 0.137951
383.000000 0.144187
384.000000 0.151470
385.000000 0.156907
386.000000 0.161844
387.000000 0.168321
388.000000 0.173796
389.000000 0.175841
390.000000 0.180258
391.000000 0.184411
392.000000 0.185850
393.000000 0.189297
394.000000 0.194523
395.000000 0.199826
396.000000 0.205018
397.000000 0.210004
398.000000 0.215100
399.000000 0.220215
400.000000 0.224900
401.000000 0.229713
402.000000 0.235066
403.000000 0.240860
404.000000 0.246622
405.000000 0.250598
406.000000 0.255186
407.000000 0.260594
408.000000 0.264353
409.000000 0.268881
410.000000 0.273693
411.000000 0.279041
412.000000 0.285660
413.000000 0.290790
414.000000 0.294423
415.000000 0.297686
416.000000 0.301581
417.000000 0.306320
418.000000 0.310789
419.000000 0.314964
420.000000 0.317034
421.000000 0.321306
422.000000 0.328048
423.000000 0.333360
424.000000 0.336686
425.000000 0.340498
426.000000 0.345894
427.000000 0.349900
428.000000 0.353111
429.000000 0.357583
430.000000 0.363352
431.000000 0.369370
432.000000 0.374005
433.000000 0.379155
434.000000 0.385303
435.000000 0.391022
436.000000 0.396182
437.000000 0.401216
438.000000 0.407108
439.000000 0.411898
440.000000 0.417797
441.000000 0.423569
442.000000 0.428364
443.000000 0.435073
444.000000 0.442295
445.000000 0.448936
446.000000 0.453990
447.000000 0.460579
448.000000 0.467330
449.000000 0.472888
450.000000 0.479865
451.000000 0.487284
452.000000 0.494641
453.000000 0.501559
454.000000 0.507723
455.000000 0.513618
456.000000 0.520400
457.000000 0.527297
458.000000 0.534015
459.000000 0.541011
460.000000 0.546831
461.000000 0.552349
462.000000 0.558982
463.000000 0.565756
464.000000 0.572423
465.000000 0.578571
466.000000 0.583964
467.000000 0.588824
468.000000 0.593949
469.000000 0.599355
470.000000 0.604393
471.000000 0.608748
472.000000 0.613434
473.000000 0.618682
474.000000 0.622370
475.000000 0.626355
476.000000 0.631277
477.000000 0.635516
478.000000 0.639099
479.000000 0.642703
480.000000 0.645643
481.000000 0.646976
482.000000 0.648724
483.000000 0.651606
484.000000 0.653346
485.000000 0.655196
486.000000 0.656524
487.000000 0.656553
488.000000 0.656878
489.000000 0.656494
490.000000 0.656840
491.000000 0.658975
492.000000 0.658965
493.000000 0.656665
494.000000 0.656165
495.000000 0.656305
496.000000 0.655626
497.000000 0.652999
498.000000 0.650631
499.000000 0.649853
500.000000 0.649179
501.000000 0.647349
502.000000 0.644736
503.000000 0.641672
504.000000 0.638324
505.000000 0.635200
506.000000 0.632265
507.000000 0.628611
508.000000 0.623679
509.000000 0.619045
510.000000 0.613592
511.000000 0.607419
512.000000 0.602240
513.000000 0.596440
514.000000 0.590830
515.000000 0.583373
516.000000 0.574016
517.000000 0.566132
518.000000 0.558605
519.000000 0.550477
520.000000 0.542408
521.000000 0.533627
522.000000 0.523630
523.000000 0.514142
524.000000 0.505013
525.000000 0.496229
526.000000 0.487380
527.000000 0.480155
528.000000 0.471846
529.000000 0.462219
530.000000 0.454446
531.000000 0.447009
532.000000 0.439214
533.000000 0.431934
534.000000 0.424155
535.000000 0.416106
536.000000 0.409526
537.000000 0.403741
538.000000 0.397852
539.000000 0.389619
540.000000 0.380276
541.000000 0.372364
542.000000 0.365003
543.000000 0.356651
544.000000 0.347779
545.000000 0.340187
546.000000 0.330813
547.000000 0.319243
548.000000 0.309263
549.000000 0.299988
550.000000 0.290114
551.000000 0.280013
552.000000 0.269635
553.000000 0.258027
554.000000 0.246119
555.000000 0.234522
556.000000 0.221839
557.000000 0.207855
558.000000 0.193727
559.000000 0.180211
560.000000 0.167973
561.000000 0.156475
562.000000 0.146318
563.000000 0.135601
564.000000 0.123305
565.000000 0.112406
566.000000 0.103467
567.000000 0.094757
568.000000 0.085648
569.000000 0.078280
570.000000 0.071506
571.000000 0.064355
572.000000 0.057893
573.000000 0.051810
574.000000 0.046677
575.000000 0.041873
576.000000 0.037315
577.000000 0.032557
578.000000 0.028092
579.000000 0.025145
580.000000 0.022771
581.000000 0.020619
582.000000 0.017666
583.000000 0.015464
584.000000 0.013832
585.000000 0.011753
586.000000 0.010842
587.000000 0.009506
588.000000 0.008629
589.000000 0.007944
590.000000 0.006090
591.000000 0.003904
592.000000 0.002879
593.000000 0.002787
594.000000 0.002896
595.000000 0.002465
596.000000 0.001181
597.000000 0.000752
598.000000 0.000278
599.000000 -0.000880
600.000000 -0.002136
601.000000 -0.002820
602.000000 -0.003254
603.000000 -0.003752
604.000000 -0.004769
605.000000 -0.005410
606.000000 -0.004677
607.000000 -0.004122
608.000000 -0.005584
609.000000 -0.006642
610.000000 -0.006683
611.000000 -0.007467
612.000000 -0.008447
613.000000 -0.008437
614.000000 -0.008018
615.000000 -0.008165
616.000000 -0.008239
617.000000 -0.008871
618.000000 -0.009517
619.000000 -0.009198
620.000000 -0.008979
621.000000 -0.008910
622.000000 -0.009240
623.000000 -0.010196
624.000000 -0.010023
625.000000 -0.009681
626.000000 -0.010405
627.000000 -0.010697
628.000000 -0.010155
629.000000 -0.010446
630.000000 -0.010931
631.000000 -0.011217
632.000000 -0.011134
633.000000 -0.011360
634.000000 -0.011769
635.000000 -0.011421
636.000000 -0.010604
637.000000 -0.009973
638.000000 -0.010191
639.000000 -0.010271
640.000000 -0.009769
641.000000 -0.010256
642.000000 -0.011096
643.000000 -0.010597
644.000000 -0.010430
645.000000 -0.010534
646.000000 -0.010336
647.000000 -0.010600
648.000000 -0.010317
649.000000 -0.009812
650.000000 -0.010223
651.000000 -0.010231
652.000000 -0.009302
653.000000 -0.009714
654.000000 -0.010521
655.000000 -0.010078
656.000000 -0.009781
657.000000 -0.009852
658.000000 -0.010068
659.000000 -0.010038
660.000000 -0.009315
661.000000 -0.008981
662.000000 -0.008982
663.000000 -0.008290
664.000000 -0.008279
665.000000 -0.008587
666.000000 -0.009927
667.000000 -0.011123
668.000000 -0.010694
669.000000 -0.010235
670.000000 -0.010384
671.000000 -0.010571
672.000000 -0.010320
673.000000 -0.009991
674.000000 -0.009920
675.000000 -0.010114
676.000000 -0.010121
677.000000 -0.010360
678.000000 -0.010313
679.000000 -0.009996
680.000000 -0.010034
681.000000 -0.009912
682.000000 -0.010465
683.000000 -0.010896
684.000000 -0.010581
685.000000 -0.010155
686.000000 -0.010478
687.000000 -0.010982
688.000000 -0.010717
689.000000 -0.010093
690.000000 -0.009762
691.000000 -0.009793
692.000000 -0.009138
693.000000 -0.009568
694.000000 -0.009980
695.000000 -0.010040
696.000000 -0.010070
697.000000 -0.009433
698.000000 -0.010120
699.000000 -0.011251
700.000000 -0.011627
 
График15 
-------------------
350.000000 0.065152
351.000000 0.062283
352.000000 0.062737
353.000000 0.060715
354.000000 0.058043
355.000000 0.057200
356.000000 0.055641
357.000000 0.054532
358.000000 0.053514
359.000000 0.052508
360.000000 0.051931
361.000000 0.051477
362.000000 0.051367
363.000000 0.049887
364.000000 0.049823
365.000000 0.053388
366.000000 0.054354
367.000000 0.053732
368.000000 0.055532
369.000000 0.057394
370.000000 0.058685
371.000000 0.060880
372.000000 0.063319
373.000000 0.065105
374.000000 0.067670
375.000000 0.070216
376.000000 0.071632
377.000000 0.074558
378.000000 0.079250
379.000000 0.081918
380.000000 0.083542
381.000000 0.086122
382.000000 0.088600
383.000000 0.091880
384.000000 0.095367
385.000000 0.097118
386.000000 0.100088
387.000000 0.105217
388.000000 0.108071
389.000000 0.109847
390.000000 0.114946
391.000000 0.118241
392.000000 0.118927
393.000000 0.122225
394.000000 0.127155
395.000000 0.132629
396.000000 0.137945
397.000000 0.140675
398.000000 0.144496
399.000000 0.149516
400.000000 0.152572
401.000000 0.155917
402.000000 0.160136
403.000000 0.164254
404.000000 0.168951
405.000000 0.172442
406.000000 0.174959
407.000000 0.178306
408.000000 0.181931
409.000000 0.186470
410.000000 0.191203
411.000000 0.195421
412.000000 0.200998
413.000000 0.205555
414.000000 0.207153
415.000000 0.209101
416.000000 0.212938
417.000000 0.217292
418.000000 0.220430
419.000000 0.224478
420.000000 0.227616
421.000000 0.232048
422.000000 0.237724
423.000000 0.241032
424.000000 0.243661
425.000000 0.247659
426.000000 0.253092
427.000000 0.256961
428.000000 0.260652
429.000000 0.265946
430.000000 0.270956
431.000000 0.277078
432.000000 0.282144
433.000000 0.286653
434.000000 0.292359
435.000000 0.297633
436.000000 0.304118
437.000000 0.310538
438.000000 0.316463
439.000000 0.321651
440.000000 0.328533
441.000000 0.335300
442.000000 0.340607
443.000000 0.348133
444.000000 0.356224
445.000000 0.363660
446.000000 0.369786
447.000000 0.377933
448.000000 0.386075
449.000000 0.393409
450.000000 0.401730
451.000000 0.410063
452.000000 0.418481
453.000000 0.426247
454.000000 0.434108
455.000000 0.441871
456.000000 0.450779
457.000000 0.459908
458.000000 0.468547
459.000000 0.477314
460.000000 0.485292
461.000000 0.493526
462.000000 0.502741
463.000000 0.512298
464.000000 0.521406
465.000000 0.529581
466.000000 0.538282
467.000000 0.546273
468.000000 0.553789
469.000000 0.562610
470.000000 0.570752
471.000000 0.578037
472.000000 0.586535
473.000000 0.594828
474.000000 0.602253
475.000000 0.611085
476.000000 0.619871
477.000000 0.628240
478.000000 0.636408
479.000000 0.644500
480.000000 0.651801
481.000000 0.656956
482.000000 0.663627
483.000000 0.670774
484.000000 0.677048
485.000000 0.683718
486.000000 0.688442
487.000000 0.692749
488.000000 0.697676
489.000000 0.701914
490.000000 0.707108
491.000000 0.712877
492.000000 0.717199
493.000000 0.719916
494.000000 0.723257
495.000000 0.728419
496.000000 0.733742
497.000000 0.735849
498.000000 0.737023
499.000000 0.740482
500.000000 0.744212
501.000000 0.746848
502.000000 0.748581
503.000000 0.749412
504.000000 0.750464
505.000000 0.751656
506.000000 0.752665
507.000000 0.752599
508.000000 0.750691
509.000000 0.749040
510.000000 0.746857
511.000000 0.744629
512.000000 0.743633
513.000000 0.741039
514.000000 0.737659
515.000000 0.732704
516.000000 0.725367
517.000000 0.719059
518.000000 0.713440
519.000000 0.708097
520.000000 0.702106
521.000000 0.694284
522.000000 0.685727
523.000000 0.677033
524.000000 0.668370
525.000000 0.661293
526.000000 0.653670
527.000000 0.647134
528.000000 0.640539
529.000000 0.632033
530.000000 0.624857
531.000000 0.617511
532.000000 0.609800
533.000000 0.603690
534.000000 0.596417
535.000000 0.588195
536.000000 0.582006
537.000000 0.575916
538.000000 0.569830
539.000000 0.561295
540.000000 0.550345
541.000000 0.541970
542.000000 0.533606
543.000000 0.523008
544.000000 0.512610
545.000000 0.502642
546.000000 0.490610
547.000000 0.477001
548.000000 0.464252
549.000000 0.451635
550.000000 0.438068
551.000000 0.423693
552.000000 0.408479
553.000000 0.391651
554.000000 0.374409
555.000000 0.357228
556.000000 0.338995
557.000000 0.318911
558.000000 0.298203
559.000000 0.277804
560.000000 0.259247
561.000000 0.242047
562.000000 0.225772
563.000000 0.209412
564.000000 0.192603
565.000000 0.177486
566.000000 0.163760
567.000000 0.149853
568.000000 0.136487
569.000000 0.124677
570.000000 0.113292
571.000000 0.102098
572.000000 0.092473
573.000000 0.084091
574.000000 0.075713
575.000000 0.068333
576.000000 0.061385
577.000000 0.053676
578.000000 0.047049
579.000000 0.042020
580.000000 0.037848
581.000000 0.033768
582.000000 0.029659
583.000000 0.025509
584.000000 0.021704
585.000000 0.018927
586.000000 0.017009
587.000000 0.014563
588.000000 0.012550
589.000000 0.009738
590.000000 0.006540
591.000000 0.005205
592.000000 0.003783
593.000000 0.002676
594.000000 0.002540
595.000000 0.001668
596.000000 -0.001072
597.000000 -0.002055
598.000000 -0.002488
599.000000 -0.003509
600.000000 -0.004178
601.000000 -0.004866
602.000000 -0.005421
603.000000 -0.006738
604.000000 -0.007549
605.000000 -0.007616
606.000000 -0.007036
607.000000 -0.006531
608.000000 -0.007347
609.000000 -0.007898
610.000000 -0.008121
611.000000 -0.008026
612.000000 -0.008617
613.000000 -0.009353
614.000000 -0.009155
615.000000 -0.009155
616.000000 -0.009341
617.000000 -0.010329
618.000000 -0.010427
619.000000 -0.010143
620.000000 -0.010516
621.000000 -0.010179
622.000000 -0.010246
623.000000 -0.010737
624.000000 -0.010551
625.000000 -0.010087
626.000000 -0.010311
627.000000 -0.010610
628.000000 -0.010099
629.000000 -0.010150
630.000000 -0.010202
631.000000 -0.010095
632.000000 -0.010783
633.000000 -0.010975
634.000000 -0.010574
635.000000 -0.010905
636.000000 -0.010870
637.000000 -0.009453
638.000000 -0.009383
639.000000 -0.010212
640.000000 -0.009653
641.000000 -0.010177
642.000000 -0.010926
643.000000 -0.010071
644.000000 -0.010206
645.000000 -0.010596
646.000000 -0.009920
647.000000 -0.010161
648.000000 -0.010501
649.000000 -0.009260
650.000000 -0.008905
651.000000 -0.009643
652.000000 -0.009353
653.000000 -0.009093
654.000000 -0.009600
655.000000 -0.009891
656.000000 -0.009834
657.000000 -0.009973
658.000000 -0.010103
659.000000 -0.009863
660.000000 -0.009796
661.000000 -0.010056
662.000000 -0.009770
663.000000 -0.009173
664.000000 -0.009355
665.000000 -0.009602
666.000000 -0.009996
667.000000 -0.010356
668.000000 -0.010046
669.000000 -0.009911
670.000000 -0.010183
671.000000 -0.010397
672.000000 -0.010218
673.000000 -0.009574
674.000000 -0.009706
675.000000 -0.010122
676.000000 -0.009647
677.000000 -0.009663
678.000000 -0.009903
679.000000 -0.009745
680.000000 -0.009756
681.000000 -0.009671
682.000000 -0.009561
683.000000 -0.009482
684.000000 -0.010110
685.000000 -0.010568
686.000000 -0.009949
687.000000 -0.009980
688.000000 -0.010268
689.000000 -0.009814
690.000000 -0.009598
691.000000 -0.009811
692.000000 -0.009375
693.000000 -0.009188
694.000000 -0.009452
695.000000 -0.009813
696.000000 -0.009700
697.000000 -0.009707
698.000000 -0.010137
699.000000 -0.010116
700.000000 -0.010109
 
График17 
-------------------
350.000000 0.062265
351.000000 0.060453
352.000000 0.061714
353.000000 0.061070
354.000000 0.059193
355.000000 0.059238
356.000000 0.058054
357.000000 0.057163
358.000000 0.058195
359.000000 0.057840
360.000000 0.057594
361.000000 0.058511
362.000000 0.058962
363.000000 0.059839
364.000000 0.062495
365.000000 0.065389
366.000000 0.065243
367.000000 0.065672
368.000000 0.069197
369.000000 0.071724
370.000000 0.073873
371.000000 0.076746
372.000000 0.079999
373.000000 0.082835
374.000000 0.085344
375.000000 0.088843
376.000000 0.091733
377.000000 0.094232
378.000000 0.098858
379.000000 0.102595
380.000000 0.106004
381.000000 0.110003
382.000000 0.113047
383.000000 0.118127
384.000000 0.123735
385.000000 0.126797
386.000000 0.129508
387.000000 0.134719
388.000000 0.138967
389.000000 0.140903
390.000000 0.144721
391.000000 0.148949
392.000000 0.152256
393.000000 0.156553
394.000000 0.162139
395.000000 0.166961
396.000000 0.170703
397.000000 0.176086
398.000000 0.182409
399.000000 0.186825
400.000000 0.191041
401.000000 0.195591
402.000000 0.199911
403.000000 0.204508
404.000000 0.209861
405.000000 0.213398
406.000000 0.216838
407.000000 0.221381
408.000000 0.225063
409.000000 0.230237
410.000000 0.234692
411.000000 0.238581
412.000000 0.245202
413.000000 0.250875
414.000000 0.253191
415.000000 0.254733
416.000000 0.258271
417.000000 0.263474
418.000000 0.267209
419.000000 0.271151
420.000000 0.274399
421.000000 0.278804
422.000000 0.284157
423.000000 0.286894
424.000000 0.289506
425.000000 0.295029
426.000000 0.301079
427.000000 0.304347
428.000000 0.307977
429.000000 0.312948
430.000000 0.318333
431.000000 0.323947
432.000000 0.328061
433.000000 0.333937
434.000000 0.340680
435.000000 0.345255
436.000000 0.350337
437.000000 0.356371
438.000000 0.362547
439.000000 0.368043
440.000000 0.375461
441.000000 0.381657
442.000000 0.385331
443.000000 0.391665
444.000000 0.399482
445.000000 0.407391
446.000000 0.412981
447.000000 0.419516
448.000000 0.426392
449.000000 0.431945
450.000000 0.439607
451.000000 0.447952
452.000000 0.455872
453.000000 0.463057
454.000000 0.469659
455.000000 0.476006
456.000000 0.483761
457.000000 0.491843
458.000000 0.499215
459.000000 0.506872
460.000000 0.513923
461.000000 0.521327
462.000000 0.529400
463.000000 0.537329
464.000000 0.544316
465.000000 0.550289
466.000000 0.557442
467.000000 0.564131
468.000000 0.570363
469.000000 0.577133
470.000000 0.583261
471.000000 0.589098
472.000000 0.595394
473.000000 0.601895
474.000000 0.607701
475.000000 0.613685
476.000000 0.620067
477.000000 0.626180
478.000000 0.631339
479.000000 0.637331
480.000000 0.641890
481.000000 0.644894
482.000000 0.649883
483.000000 0.654307
484.000000 0.658420
485.000000 0.662267
486.000000 0.663998
487.000000 0.665943
488.000000 0.669389
489.000000 0.671987
490.000000 0.674050
491.000000 0.677187
492.000000 0.679117
493.000000 0.679396
494.000000 0.681083
495.000000 0.683572
496.000000 0.685195
497.000000 0.685331
498.000000 0.684363
499.000000 0.684830
500.000000 0.686746
501.000000 0.687160
502.000000 0.686425
503.000000 0.684685
504.000000 0.682864
505.000000 0.682382
506.000000 0.682117
507.000000 0.680116
508.000000 0.676647
509.000000 0.673196
510.000000 0.668968
511.000000 0.664789
512.000000 0.661260
513.000000 0.656918
514.000000 0.652469
515.000000 0.646107
516.000000 0.638384
517.000000 0.631735
518.000000 0.624854
519.000000 0.617385
520.000000 0.610006
521.000000 0.601633
522.000000 0.592646
523.000000 0.584153
524.000000 0.576015
525.000000 0.568770
526.000000 0.560505
527.000000 0.552879
528.000000 0.544505
529.000000 0.535363
530.000000 0.528269
531.000000 0.521849
532.000000 0.514182
533.000000 0.507135
534.000000 0.499641
535.000000 0.491273
536.000000 0.485447
537.000000 0.480053
538.000000 0.474585
539.000000 0.466137
540.000000 0.455642
541.000000 0.447641
542.000000 0.439103
543.000000 0.429851
544.000000 0.421282
545.000000 0.412652
546.000000 0.402533
547.000000 0.389908
548.000000 0.378090
549.000000 0.368023
550.000000 0.356836
551.000000 0.345064
552.000000 0.332651
553.000000 0.318299
554.000000 0.303611
555.000000 0.289228
556.000000 0.274149
557.000000 0.257517
558.000000 0.240744
559.000000 0.224283
560.000000 0.208528
561.000000 0.194212
562.000000 0.181357
563.000000 0.168013
564.000000 0.154097
565.000000 0.141612
566.000000 0.130246
567.000000 0.119846
568.000000 0.109353
569.000000 0.099292
570.000000 0.089364
571.000000 0.080004
572.000000 0.072650
573.000000 0.065633
574.000000 0.059797
575.000000 0.054230
576.000000 0.048283
577.000000 0.042491
578.000000 0.036814
579.000000 0.032862
580.000000 0.029256
581.000000 0.025211
582.000000 0.021955
583.000000 0.018940
584.000000 0.016074
585.000000 0.014068
586.000000 0.012632
587.000000 0.009854
588.000000 0.008136
589.000000 0.006763
590.000000 0.004070
591.000000 0.002331
592.000000 0.000938
593.000000 0.000169
594.000000 0.000456
595.000000 -0.000024
596.000000 -0.002146
597.000000 -0.004555
598.000000 -0.005487
599.000000 -0.005277
600.000000 -0.005785
601.000000 -0.006340
602.000000 -0.007207
603.000000 -0.008044
604.000000 -0.008510
605.000000 -0.008427
606.000000 -0.008553
607.000000 -0.007980
608.000000 -0.007820
609.000000 -0.009025
610.000000 -0.009148
611.000000 -0.009093
612.000000 -0.009581
613.000000 -0.009740
614.000000 -0.009550
615.000000 -0.009525
616.000000 -0.009429
617.000000 -0.010511
618.000000 -0.011117
619.000000 -0.010388
620.000000 -0.010069
621.000000 -0.010040
622.000000 -0.010159
623.000000 -0.010652
624.000000 -0.010601
625.000000 -0.010378
626.000000 -0.010811
627.000000 -0.010778
628.000000 -0.010123
629.000000 -0.010255
630.000000 -0.010701
631.000000 -0.010658
632.000000 -0.010855
633.000000 -0.011007
634.000000 -0.011072
635.000000 -0.011258
636.000000 -0.010855
637.000000 -0.009705
638.000000 -0.009882
639.000000 -0.010594
640.000000 -0.010197
641.000000 -0.010571
642.000000 -0.010983
643.000000 -0.010378
644.000000 -0.010346
645.000000 -0.010356
646.000000 -0.009963
647.000000 -0.010586
648.000000 -0.010664
649.000000 -0.009355
650.000000 -0.009735
651.000000 -0.010545
652.000000 -0.009460
653.000000 -0.009656
654.000000 -0.010381
655.000000 -0.009718
656.000000 -0.009393
657.000000 -0.009392
658.000000 -0.009515
659.000000 -0.009738
660.000000 -0.009136
661.000000 -0.009049
662.000000 -0.009464
663.000000 -0.008628
664.000000 -0.008122
665.000000 -0.008759
666.000000 -0.009621
667.000000 -0.010104
668.000000 -0.009918
669.000000 -0.009432
670.000000 -0.009442
671.000000 -0.009579
672.000000 -0.009382
673.000000 -0.009044
674.000000 -0.009283
675.000000 -0.009792
676.000000 -0.009510
677.000000 -0.009217
678.000000 -0.009314
679.000000 -0.009733
680.000000 -0.010023
681.000000 -0.009517
682.000000 -0.010051
683.000000 -0.010656
684.000000 -0.010263
685.000000 -0.009773
686.000000 -0.009960
687.000000 -0.010461
688.000000 -0.010378
689.000000 -0.010099
690.000000 -0.010216
691.000000 -0.010251
692.000000 -0.009354
693.000000 -0.009324
694.000000 -0.009788
695.000000 -0.010028
696.000000 -0.010194
697.000000 -0.009833
698.000000 -0.009447
699.000000 -0.009290
700.000000 -0.009238
