 
График4 
-------------------
200.000000 1.806586
201.000000 1.208454
202.000000 1.181121
203.000000 1.156110
204.000000 0.713005
205.000000 0.643588
206.000000 1.010096
207.000000 1.396768
208.000000 1.701385
209.000000 1.846004
210.000000 1.719017
211.000000 1.545907
212.000000 1.442805
213.000000 1.387927
214.000000 1.366174
215.000000 1.347879
216.000000 1.352207
217.000000 1.368212
218.000000 1.381932
219.000000 1.437422
220.000000 1.515418
221.000000 1.589135
222.000000 1.660391
223.000000 1.737924
224.000000 1.810869
225.000000 1.856076
226.000000 1.828706
227.000000 1.779899
228.000000 1.761414
229.000000 1.738110
230.000000 1.752166
231.000000 1.745107
232.000000 1.687482
233.000000 1.629613
234.000000 1.575071
235.000000 1.506695
236.000000 1.429527
237.000000 1.342227
238.000000 1.248168
239.000000 1.161960
240.000000 1.075335
241.000000 0.987907
242.000000 0.895214
243.000000 0.801618
244.000000 0.714562
245.000000 0.634939
246.000000 0.567364
247.000000 0.515170
248.000000 0.471532
249.000000 0.427572
250.000000 0.385196
251.000000 0.351968
252.000000 0.329606
253.000000 0.312056
254.000000 0.296769
255.000000 0.283206
256.000000 0.271169
257.000000 0.261639
258.000000 0.253608
259.000000 0.245927
260.000000 0.239175
261.000000 0.231844
262.000000 0.224285
263.000000 0.218696
264.000000 0.214947
265.000000 0.212694
266.000000 0.211059
267.000000 0.208997
268.000000 0.207106
269.000000 0.205120
270.000000 0.202715
271.000000 0.201185
272.000000 0.200585
273.000000 0.200575
274.000000 0.199718
275.000000 0.196200
276.000000 0.190174
277.000000 0.183017
278.000000 0.176161
279.000000 0.170215
280.000000 0.165527
281.000000 0.161207
282.000000 0.155704
283.000000 0.147043
284.000000 0.135205
285.000000 0.121994
286.000000 0.109174
287.000000 0.098768
288.000000 0.090790
289.000000 0.084447
290.000000 0.079496
291.000000 0.076137
292.000000 0.073840
293.000000 0.071726
294.000000 0.069813
295.000000 0.068199
296.000000 0.066761
297.000000 0.065357
298.000000 0.064049
299.000000 0.062914
300.000000 0.061805
301.000000 0.060904
302.000000 0.059869
303.000000 0.058615
304.000000 0.057412
305.000000 0.056292
306.000000 0.055434
307.000000 0.054616
308.000000 0.053634
309.000000 0.052919
310.000000 0.052075
311.000000 0.051445
312.000000 0.050903
313.000000 0.049843
314.000000 0.049049
315.000000 0.048440
316.000000 0.048042
317.000000 0.047524
318.000000 0.046704
319.000000 0.046103
320.000000 0.045848
321.000000 0.045371
322.000000 0.044307
323.000000 0.043376
324.000000 0.042724
325.000000 0.042290
326.000000 0.041935
327.000000 0.041314
328.000000 0.040979
329.000000 0.041008
330.000000 0.040847
331.000000 0.040040
332.000000 0.039173
333.000000 0.038986
334.000000 0.038650
335.000000 0.038197
336.000000 0.037509
337.000000 0.036889
338.000000 0.036721
339.000000 0.036623
340.000000 0.036559
341.000000 0.036143
342.000000 0.035649
343.000000 0.035303
344.000000 0.034861
345.000000 0.034153
346.000000 0.033762
347.000000 0.033545
348.000000 0.033097
349.000000 0.032812
350.000000 0.032745
351.000000 0.032838
352.000000 0.032545
353.000000 0.031559
354.000000 0.031004
355.000000 0.031375
356.000000 0.031165
357.000000 0.030402
358.000000 0.029848
359.000000 0.028948
360.000000 0.028506
361.000000 0.028922
362.000000 0.028892
363.000000 0.028754
364.000000 0.028597
365.000000 0.027995
366.000000 0.027776
367.000000 0.028047
368.000000 0.028212
369.000000 0.027909
370.000000 0.027400
371.000000 0.027051
372.000000 0.027058
373.000000 0.026663
374.000000 0.025909
375.000000 0.025770
376.000000 0.025202
377.000000 0.025219
378.000000 0.025456
379.000000 0.024778
380.000000 0.024464
381.000000 0.024357
382.000000 0.024233
383.000000 0.023812
384.000000 0.023211
385.000000 0.023108
386.000000 0.023067
387.000000 0.022805
388.000000 0.022648
389.000000 0.022329
390.000000 0.021991
391.000000 0.021760
392.000000 0.021883
393.000000 0.021551
394.000000 0.021146
395.000000 0.021157
396.000000 0.020872
397.000000 0.020970
398.000000 0.020753
399.000000 0.020086
400.000000 0.019863
 
График5 
-------------------
200.000000 1.799637
201.000000 1.722487
202.000000 1.076487
203.000000 0.965245
204.000000 1.229331
205.000000 1.148808
206.000000 1.199949
207.000000 1.422136
208.000000 1.564154
209.000000 1.991319
210.000000 2.362844
211.000000 2.367308
212.000000 2.404899
213.000000 2.199851
214.000000 2.177005
215.000000 2.377124
216.000000 2.316876
217.000000 2.236152
218.000000 2.329151
219.000000 2.478959
220.000000 2.592980
221.000000 2.399970
222.000000 2.297630
223.000000 2.584299
224.000000 2.969187
225.000000 3.231236
226.000000 3.386499
227.000000 2.983066
228.000000 2.935653
229.000000 2.770583
230.000000 2.666000
231.000000 2.914943
232.000000 2.987398
233.000000 2.884866
234.000000 2.785151
235.000000 2.664742
236.000000 2.555575
237.000000 2.412281
238.000000 2.241612
239.000000 2.093944
240.000000 1.933616
241.000000 1.761593
242.000000 1.581073
243.000000 1.404863
244.000000 1.238124
245.000000 1.088098
246.000000 0.965137
247.000000 0.871551
248.000000 0.791467
249.000000 0.709853
250.000000 0.632337
251.000000 0.572678
252.000000 0.532944
253.000000 0.501969
254.000000 0.475345
255.000000 0.451915
256.000000 0.430631
257.000000 0.412736
258.000000 0.399028
259.000000 0.386580
260.000000 0.372302
261.000000 0.357931
262.000000 0.345912
263.000000 0.337473
264.000000 0.331838
265.000000 0.328309
266.000000 0.326030
267.000000 0.323852
268.000000 0.321469
269.000000 0.318068
270.000000 0.314406
271.000000 0.312070
272.000000 0.311730
273.000000 0.312586
274.000000 0.311373
275.000000 0.305527
276.000000 0.295157
277.000000 0.282366
278.000000 0.269783
279.000000 0.258807
280.000000 0.250235
281.000000 0.242533
282.000000 0.232321
283.000000 0.216548
284.000000 0.195256
285.000000 0.170504
286.000000 0.146721
287.000000 0.127714
288.000000 0.113076
289.000000 0.101632
290.000000 0.093458
291.000000 0.088119
292.000000 0.084348
293.000000 0.081433
294.000000 0.078590
295.000000 0.076335
296.000000 0.074704
297.000000 0.072917
298.000000 0.071292
299.000000 0.070420
300.000000 0.070002
301.000000 0.069468
302.000000 0.068662
303.000000 0.067533
304.000000 0.066607
305.000000 0.065758
306.000000 0.064407
307.000000 0.062912
308.000000 0.061924
309.000000 0.061163
310.000000 0.060348
311.000000 0.059452
312.000000 0.058199
313.000000 0.057330
314.000000 0.056714
315.000000 0.056104
316.000000 0.055780
317.000000 0.055447
318.000000 0.055007
319.000000 0.054338
320.000000 0.053394
321.000000 0.052629
322.000000 0.052017
323.000000 0.051525
324.000000 0.051004
325.000000 0.050112
326.000000 0.049440
327.000000 0.048876
328.000000 0.048665
329.000000 0.048800
330.000000 0.048568
331.000000 0.047894
332.000000 0.047278
333.000000 0.047059
334.000000 0.046959
335.000000 0.046777
336.000000 0.046546
337.000000 0.046735
338.000000 0.046867
339.000000 0.046996
340.000000 0.047253
341.000000 0.047211
342.000000 0.047144
343.000000 0.046739
344.000000 0.046411
345.000000 0.046252
346.000000 0.046167
347.000000 0.045544
348.000000 0.044232
349.000000 0.043750
350.000000 0.043581
351.000000 0.043547
352.000000 0.043049
353.000000 0.042150
354.000000 0.041998
355.000000 0.042368
356.000000 0.042456
357.000000 0.042387
358.000000 0.042817
359.000000 0.042570
360.000000 0.042104
361.000000 0.042453
362.000000 0.043070
363.000000 0.042987
364.000000 0.042432
365.000000 0.042059
366.000000 0.041758
367.000000 0.041810
368.000000 0.041722
369.000000 0.041464
370.000000 0.041603
371.000000 0.041658
372.000000 0.041204
373.000000 0.040782
374.000000 0.040656
375.000000 0.040529
376.000000 0.040564
377.000000 0.040993
378.000000 0.040943
379.000000 0.039943
380.000000 0.039285
381.000000 0.039247
382.000000 0.039204
383.000000 0.038977
384.000000 0.038115
385.000000 0.038078
386.000000 0.038574
387.000000 0.038608
388.000000 0.038708
389.000000 0.038433
390.000000 0.038629
391.000000 0.039122
392.000000 0.039245
393.000000 0.038779
394.000000 0.038384
395.000000 0.038217
396.000000 0.037743
397.000000 0.037596
398.000000 0.037346
399.000000 0.036939
400.000000 0.036803
 
График6 
-------------------
200.000000 1.519963
201.000000 1.614990
202.000000 1.643354
203.000000 1.491736
204.000000 1.424875
205.000000 1.450579
206.000000 1.547703
207.000000 1.692924
208.000000 1.813042
209.000000 2.185141
210.000000 2.495557
211.000000 2.600850
212.000000 2.689258
213.000000 2.701748
214.000000 2.300199
215.000000 2.146725
216.000000 2.324307
217.000000 2.732654
218.000000 3.087875
219.000000 3.303952
220.000000 3.395568
221.000000 3.188695
222.000000 3.148207
223.000000 2.827259
224.000000 2.747541
225.000000 3.028915
226.000000 3.283886
227.000000 3.446097
228.000000 3.570730
229.000000 3.655545
230.000000 3.343326
231.000000 3.320031
232.000000 3.567973
233.000000 3.729453
234.000000 3.776059
235.000000 3.677651
236.000000 3.302179
237.000000 3.056131
238.000000 2.941933
239.000000 2.761797
240.000000 2.529967
241.000000 2.286575
242.000000 2.024524
243.000000 1.780009
244.000000 1.564132
245.000000 1.371401
246.000000 1.212109
247.000000 1.090329
248.000000 0.984077
249.000000 0.873429
250.000000 0.767768
251.000000 0.687966
252.000000 0.634858
253.000000 0.593301
254.000000 0.558290
255.000000 0.528879
256.000000 0.503499
257.000000 0.482245
258.000000 0.463671
259.000000 0.443937
260.000000 0.423304
261.000000 0.404364
262.000000 0.388115
263.000000 0.376135
264.000000 0.367723
265.000000 0.362491
266.000000 0.359495
267.000000 0.357240
268.000000 0.354541
269.000000 0.350150
270.000000 0.345898
271.000000 0.343953
272.000000 0.344262
273.000000 0.345343
274.000000 0.343634
275.000000 0.336333
276.000000 0.323044
277.000000 0.305797
278.000000 0.288930
279.000000 0.274787
280.000000 0.263722
281.000000 0.253760
282.000000 0.240466
283.000000 0.219627
284.000000 0.191012
285.000000 0.157996
286.000000 0.126415
287.000000 0.100927
288.000000 0.081468
289.000000 0.067231
290.000000 0.057331
291.000000 0.050622
292.000000 0.045817
293.000000 0.042047
294.000000 0.038969
295.000000 0.036565
296.000000 0.034599
297.000000 0.033097
298.000000 0.032268
299.000000 0.031606
300.000000 0.030733
301.000000 0.029786
302.000000 0.029062
303.000000 0.028176
304.000000 0.027363
305.000000 0.026665
306.000000 0.025572
307.000000 0.024594
308.000000 0.023922
309.000000 0.023248
310.000000 0.022761
311.000000 0.022560
312.000000 0.021913
313.000000 0.021368
314.000000 0.021156
315.000000 0.020796
316.000000 0.020504
317.000000 0.020030
318.000000 0.019454
319.000000 0.019005
320.000000 0.018636
321.000000 0.018317
322.000000 0.018020
323.000000 0.017536
324.000000 0.017372
325.000000 0.017034
326.000000 0.016778
327.000000 0.016402
328.000000 0.015968
329.000000 0.015791
330.000000 0.015164
331.000000 0.014087
332.000000 0.013499
333.000000 0.013595
334.000000 0.013344
335.000000 0.013224
336.000000 0.012869
337.000000 0.012515
338.000000 0.012059
339.000000 0.011960
340.000000 0.012067
341.000000 0.011504
342.000000 0.011352
343.000000 0.011268
344.000000 0.010665
345.000000 0.010308
346.000000 0.010467
347.000000 0.010046
348.000000 0.009453
349.000000 0.009229
350.000000 0.008941
351.000000 0.009171
352.000000 0.009055
353.000000 0.008720
354.000000 0.008811
355.000000 0.008501
356.000000 0.007931
357.000000 0.007384
358.000000 0.007244
359.000000 0.007156
360.000000 0.006919
361.000000 0.007248
362.000000 0.007896
363.000000 0.008174
364.000000 0.007643
365.000000 0.007049
366.000000 0.006914
367.000000 0.006876
368.000000 0.006935
369.000000 0.006919
370.000000 0.007109
371.000000 0.006706
372.000000 0.006217
373.000000 0.006006
374.000000 0.005541
375.000000 0.005583
376.000000 0.005068
377.000000 0.005346
378.000000 0.006220
379.000000 0.005587
380.000000 0.005197
381.000000 0.005461
382.000000 0.005639
383.000000 0.005634
384.000000 0.005139
385.000000 0.005002
386.000000 0.005121
387.000000 0.004812
388.000000 0.004566
389.000000 0.004224
390.000000 0.004220
391.000000 0.004348
392.000000 0.004256
393.000000 0.004182
394.000000 0.004041
395.000000 0.003882
396.000000 0.003546
397.000000 0.003644
398.000000 0.003618
399.000000 0.003200
400.000000 0.003061
 
График7 
-------------------
200.000000 1.816805
201.000000 1.712995
202.000000 1.670614
203.000000 1.234650
204.000000 1.125027
205.000000 1.444292
206.000000 1.261094
207.000000 1.138507
208.000000 1.341023
209.000000 1.701388
210.000000 2.134561
211.000000 2.232477
212.000000 2.299799
213.000000 2.692314
214.000000 2.754078
215.000000 2.722566
216.000000 2.929945
217.000000 3.121850
218.000000 3.006108
219.000000 3.045729
220.000000 3.279196
221.000000 2.958231
222.000000 2.909448
223.000000 3.184178
224.000000 3.321483
225.000000 3.391839
226.000000 3.451963
227.000000 3.406898
228.000000 3.441599
229.000000 2.995772
230.000000 2.899458
231.000000 3.236858
232.000000 3.632345
233.000000 3.974350
234.000000 4.213379
235.000000 4.312355
236.000000 4.095352
237.000000 4.043992
238.000000 3.645682
239.000000 3.204022
240.000000 3.101474
241.000000 2.959641
242.000000 2.600403
243.000000 2.232542
244.000000 1.972073
245.000000 1.756881
246.000000 1.559635
247.000000 1.408809
248.000000 1.280554
249.000000 1.143082
250.000000 1.010904
251.000000 0.912064
252.000000 0.846134
253.000000 0.793242
254.000000 0.746366
255.000000 0.704951
256.000000 0.669925
257.000000 0.642162
258.000000 0.618268
259.000000 0.594628
260.000000 0.573329
261.000000 0.552605
262.000000 0.533164
263.000000 0.519663
264.000000 0.509887
265.000000 0.504078
266.000000 0.501654
267.000000 0.498787
268.000000 0.494633
269.000000 0.488951
270.000000 0.483233
271.000000 0.480564
272.000000 0.480586
273.000000 0.481244
274.000000 0.478722
275.000000 0.469770
276.000000 0.453234
277.000000 0.431763
278.000000 0.410701
279.000000 0.392946
280.000000 0.379284
281.000000 0.366881
282.000000 0.350356
283.000000 0.324329
284.000000 0.288231
285.000000 0.246981
286.000000 0.207282
287.000000 0.174945
288.000000 0.150568
289.000000 0.132395
290.000000 0.119114
291.000000 0.109746
292.000000 0.102497
293.000000 0.096920
294.000000 0.093025
295.000000 0.089927
296.000000 0.087058
297.000000 0.084694
298.000000 0.082978
299.000000 0.081191
300.000000 0.079633
301.000000 0.078066
302.000000 0.076727
303.000000 0.075299
304.000000 0.073690
305.000000 0.072509
306.000000 0.071570
307.000000 0.070411
308.000000 0.069123
309.000000 0.067884
310.000000 0.066607
311.000000 0.065716
312.000000 0.064730
313.000000 0.063679
314.000000 0.062701
315.000000 0.061927
316.000000 0.061280
317.000000 0.060580
318.000000 0.059715
319.000000 0.058565
320.000000 0.057541
321.000000 0.056799
322.000000 0.056208
323.000000 0.055310
324.000000 0.054651
325.000000 0.053901
326.000000 0.053048
327.000000 0.052600
328.000000 0.052491
329.000000 0.052190
330.000000 0.051541
331.000000 0.050547
332.000000 0.049567
333.000000 0.049311
334.000000 0.048899
335.000000 0.048145
336.000000 0.047369
337.000000 0.046882
338.000000 0.046215
339.000000 0.045477
340.000000 0.045477
341.000000 0.045611
342.000000 0.045349
343.000000 0.044352
344.000000 0.043470
345.000000 0.043185
346.000000 0.043151
347.000000 0.042789
348.000000 0.041858
349.000000 0.041533
350.000000 0.041224
351.000000 0.040999
352.000000 0.040563
353.000000 0.039589
354.000000 0.039231
355.000000 0.039254
356.000000 0.038874
357.000000 0.038367
358.000000 0.038337
359.000000 0.038052
360.000000 0.037647
361.000000 0.037491
362.000000 0.037581
363.000000 0.037602
364.000000 0.037405
365.000000 0.037002
366.000000 0.036049
367.000000 0.035520
368.000000 0.035267
369.000000 0.034887
370.000000 0.034720
371.000000 0.034369
372.000000 0.033917
373.000000 0.033511
374.000000 0.033513
375.000000 0.033543
376.000000 0.033049
377.000000 0.033114
378.000000 0.032996
379.000000 0.032114
380.000000 0.031690
381.000000 0.031699
382.000000 0.031259
383.000000 0.030798
384.000000 0.030228
385.000000 0.030199
386.000000 0.030206
387.000000 0.029653
388.000000 0.029651
389.000000 0.029189
390.000000 0.028731
391.000000 0.028424
392.000000 0.028191
393.000000 0.028247
394.000000 0.028130
395.000000 0.027904
396.000000 0.027401
397.000000 0.027139
398.000000 0.026936
399.000000 0.026562
400.000000 0.026436
 
График8 
-------------------
200.000000 0.952784
201.000000 1.057171
202.000000 1.385846
203.000000 1.522171
204.000000 1.546847
205.000000 1.654019
206.000000 1.497478
207.000000 1.504748
208.000000 1.879854
209.000000 2.236321
210.000000 2.531065
211.000000 2.767259
212.000000 2.713008
213.000000 2.738095
214.000000 3.018293
215.000000 3.197633
216.000000 2.919766
217.000000 2.889255
218.000000 2.986989
219.000000 3.038404
220.000000 3.273496
221.000000 3.373968
222.000000 3.398180
223.000000 3.396290
224.000000 2.958386
225.000000 2.862430
226.000000 2.916784
227.000000 2.969925
228.000000 3.240086
229.000000 3.499501
230.000000 3.662840
231.000000 3.827287
232.000000 3.708619
233.000000 3.469117
234.000000 3.510262
235.000000 3.726127
236.000000 3.903710
237.000000 3.634767
238.000000 3.581634
239.000000 3.650782
240.000000 3.211508
241.000000 2.926050
242.000000 2.593801
243.000000 2.279818
244.000000 2.000918
245.000000 1.756389
246.000000 1.561562
247.000000 1.412962
248.000000 1.282279
249.000000 1.146368
250.000000 1.016109
251.000000 0.917782
252.000000 0.852557
253.000000 0.800306
254.000000 0.753946
255.000000 0.712622
256.000000 0.677299
257.000000 0.649480
258.000000 0.626102
259.000000 0.604287
260.000000 0.583320
261.000000 0.561858
262.000000 0.542219
263.000000 0.527312
264.000000 0.516664
265.000000 0.510351
266.000000 0.507165
267.000000 0.504212
268.000000 0.500060
269.000000 0.494590
270.000000 0.489474
271.000000 0.486276
272.000000 0.485534
273.000000 0.486346
274.000000 0.483976
275.000000 0.474764
276.000000 0.458171
277.000000 0.436593
278.000000 0.415361
279.000000 0.397487
280.000000 0.383625
281.000000 0.370991
282.000000 0.353852
283.000000 0.327604
284.000000 0.291499
285.000000 0.250396
286.000000 0.211368
287.000000 0.179890
288.000000 0.155746
289.000000 0.137353
290.000000 0.124023
291.000000 0.114748
292.000000 0.107836
293.000000 0.102088
294.000000 0.097614
295.000000 0.094183
296.000000 0.091414
297.000000 0.088969
298.000000 0.087293
299.000000 0.085758
300.000000 0.084032
301.000000 0.082631
302.000000 0.081179
303.000000 0.079507
304.000000 0.078107
305.000000 0.076919
306.000000 0.075533
307.000000 0.074241
308.000000 0.072964
309.000000 0.071930
310.000000 0.070771
311.000000 0.069530
312.000000 0.068732
313.000000 0.067983
314.000000 0.067173
315.000000 0.066179
316.000000 0.065194
317.000000 0.064215
318.000000 0.063337
319.000000 0.062444
320.000000 0.061635
321.000000 0.061206
322.000000 0.060464
323.000000 0.059424
324.000000 0.058683
325.000000 0.057969
326.000000 0.056952
327.000000 0.056301
328.000000 0.056017
329.000000 0.055376
330.000000 0.054691
331.000000 0.053703
332.000000 0.052450
333.000000 0.051848
334.000000 0.051312
335.000000 0.050841
336.000000 0.050297
337.000000 0.049853
338.000000 0.049588
339.000000 0.049256
340.000000 0.048751
341.000000 0.048305
342.000000 0.047984
343.000000 0.047164
344.000000 0.046390
345.000000 0.045948
346.000000 0.045775
347.000000 0.045511
348.000000 0.045087
349.000000 0.044617
350.000000 0.044019
351.000000 0.043602
352.000000 0.042916
353.000000 0.041761
354.000000 0.041568
355.000000 0.041902
356.000000 0.041417
357.000000 0.040921
358.000000 0.040856
359.000000 0.040494
360.000000 0.039978
361.000000 0.039788
362.000000 0.039620
363.000000 0.039388
364.000000 0.038767
365.000000 0.038154
366.000000 0.038210
367.000000 0.037966
368.000000 0.037201
369.000000 0.036769
370.000000 0.036732
371.000000 0.036743
372.000000 0.036546
373.000000 0.036037
374.000000 0.035675
375.000000 0.035505
376.000000 0.034691
377.000000 0.034239
378.000000 0.034488
379.000000 0.033960
380.000000 0.033493
381.000000 0.033487
382.000000 0.033270
383.000000 0.032945
384.000000 0.032216
385.000000 0.031877
386.000000 0.031787
387.000000 0.031338
388.000000 0.031152
389.000000 0.031194
390.000000 0.031232
391.000000 0.031123
392.000000 0.031121
393.000000 0.030605
394.000000 0.030047
395.000000 0.029950
396.000000 0.029509
397.000000 0.029250
398.000000 0.028910
399.000000 0.028354
400.000000 0.028169
 
График9 
-------------------
200.000000 1.800512
201.000000 1.583001
202.000000 1.618179
203.000000 1.576697
204.000000 1.272003
205.000000 1.287277
206.000000 1.624717
207.000000 1.893923
208.000000 2.145230
209.000000 2.402723
210.000000 2.625787
211.000000 2.482738
212.000000 2.419841
213.000000 2.665859
214.000000 2.842791
215.000000 2.946642
216.000000 3.190849
217.000000 3.333630
218.000000 2.738182
219.000000 2.673635
220.000000 2.676430
221.000000 2.696434
222.000000 3.051707
223.000000 3.256696
224.000000 3.348048
225.000000 3.184411
226.000000 2.913606
227.000000 2.741879
228.000000 2.852338
229.000000 3.188185
230.000000 3.409885
231.000000 3.690514
232.000000 3.789619
233.000000 3.877568
234.000000 4.155873
235.000000 4.172743
236.000000 4.159192
237.000000 3.821956
238.000000 3.614179
239.000000 3.309404
240.000000 3.041388
241.000000 2.780582
242.000000 2.480492
243.000000 2.227188
244.000000 1.994477
245.000000 1.760555
246.000000 1.565309
247.000000 1.416894
248.000000 1.284545
249.000000 1.145298
250.000000 1.014098
251.000000 0.917315
252.000000 0.852826
253.000000 0.800885
254.000000 0.754648
255.000000 0.713299
256.000000 0.677993
257.000000 0.650021
258.000000 0.626794
259.000000 0.604625
260.000000 0.582467
261.000000 0.561395
262.000000 0.543162
263.000000 0.528403
264.000000 0.517781
265.000000 0.511828
266.000000 0.508344
267.000000 0.504901
268.000000 0.500361
269.000000 0.495054
270.000000 0.489947
271.000000 0.486759
272.000000 0.486326
273.000000 0.487204
274.000000 0.484975
275.000000 0.475376
276.000000 0.458449
277.000000 0.437041
278.000000 0.415774
279.000000 0.397807
280.000000 0.384092
281.000000 0.371589
282.000000 0.354460
283.000000 0.328142
284.000000 0.291981
285.000000 0.251171
286.000000 0.212366
287.000000 0.180899
288.000000 0.156649
289.000000 0.138259
290.000000 0.125089
291.000000 0.115917
292.000000 0.109091
293.000000 0.103570
294.000000 0.099380
295.000000 0.095755
296.000000 0.092707
297.000000 0.090345
298.000000 0.088511
299.000000 0.087050
300.000000 0.085331
301.000000 0.083678
302.000000 0.082253
303.000000 0.080699
304.000000 0.079224
305.000000 0.077933
306.000000 0.076500
307.000000 0.074882
308.000000 0.073680
309.000000 0.072932
310.000000 0.072049
311.000000 0.071396
312.000000 0.070751
313.000000 0.069983
314.000000 0.069365
315.000000 0.068375
316.000000 0.067226
317.000000 0.065912
318.000000 0.064975
319.000000 0.064204
320.000000 0.063307
321.000000 0.062554
322.000000 0.061677
323.000000 0.060698
324.000000 0.060346
325.000000 0.059968
326.000000 0.059007
327.000000 0.058359
328.000000 0.058299
329.000000 0.058096
330.000000 0.057251
331.000000 0.056229
332.000000 0.055352
333.000000 0.054717
334.000000 0.053935
335.000000 0.053221
336.000000 0.052566
337.000000 0.052170
338.000000 0.051496
339.000000 0.050976
340.000000 0.050749
341.000000 0.050252
342.000000 0.050169
343.000000 0.049741
344.000000 0.049150
345.000000 0.048360
346.000000 0.047551
347.000000 0.046853
348.000000 0.045953
349.000000 0.045502
350.000000 0.045023
351.000000 0.044615
352.000000 0.044143
353.000000 0.043137
354.000000 0.042716
355.000000 0.043059
356.000000 0.042620
357.000000 0.041926
358.000000 0.041742
359.000000 0.041157
360.000000 0.040804
361.000000 0.041065
362.000000 0.041289
363.000000 0.041175
364.000000 0.040603
365.000000 0.039873
366.000000 0.039194
367.000000 0.038533
368.000000 0.038116
369.000000 0.038277
370.000000 0.038438
371.000000 0.037919
372.000000 0.037373
373.000000 0.036931
374.000000 0.036551
375.000000 0.036370
376.000000 0.035520
377.000000 0.035428
378.000000 0.035743
379.000000 0.035003
380.000000 0.034467
381.000000 0.034478
382.000000 0.034214
383.000000 0.033596
384.000000 0.032776
385.000000 0.032671
386.000000 0.032832
387.000000 0.032204
388.000000 0.032103
389.000000 0.032142
390.000000 0.031808
391.000000 0.031543
392.000000 0.031054
393.000000 0.030431
394.000000 0.030528
395.000000 0.030522
396.000000 0.029778
397.000000 0.029597
398.000000 0.029450
399.000000 0.028938
400.000000 0.028766
 
График10 
-------------------
200.000000 1.332898
201.000000 1.532314
202.000000 1.134070
203.000000 1.046646
204.000000 1.231594
205.000000 1.407102
206.000000 1.691036
207.000000 1.928099
208.000000 1.990294
209.000000 2.098604
210.000000 2.161295
211.000000 2.221814
212.000000 2.449431
213.000000 2.586097
214.000000 2.535716
215.000000 2.547065
216.000000 2.514582
217.000000 2.531126
218.000000 2.774894
219.000000 2.905351
220.000000 2.763783
221.000000 2.684840
222.000000 2.934313
223.000000 3.193456
224.000000 3.322198
225.000000 3.270647
226.000000 2.971423
227.000000 2.910817
228.000000 2.972915
229.000000 2.965866
230.000000 3.140726
231.000000 3.508956
232.000000 3.746321
233.000000 3.916075
234.000000 3.731655
235.000000 3.621340
236.000000 3.801307
237.000000 3.746042
238.000000 3.458839
239.000000 3.491303
240.000000 3.347143
241.000000 2.813912
242.000000 2.486299
243.000000 2.246213
244.000000 1.993568
245.000000 1.752183
246.000000 1.558123
247.000000 1.414258
248.000000 1.284672
249.000000 1.147081
250.000000 1.016065
251.000000 0.918159
252.000000 0.853505
253.000000 0.801271
254.000000 0.755214
255.000000 0.713940
256.000000 0.678240
257.000000 0.650646
258.000000 0.628080
259.000000 0.605764
260.000000 0.583833
261.000000 0.563453
262.000000 0.545298
263.000000 0.529904
264.000000 0.518856
265.000000 0.512894
266.000000 0.509443
267.000000 0.506066
268.000000 0.501775
269.000000 0.496233
270.000000 0.490823
271.000000 0.487792
272.000000 0.487347
273.000000 0.488261
274.000000 0.485705
275.000000 0.476085
276.000000 0.459141
277.000000 0.437459
278.000000 0.416286
279.000000 0.398510
280.000000 0.384860
281.000000 0.372228
282.000000 0.354840
283.000000 0.328181
284.000000 0.292015
285.000000 0.251244
286.000000 0.212419
287.000000 0.180956
288.000000 0.156854
289.000000 0.138644
290.000000 0.125600
291.000000 0.116717
292.000000 0.110129
293.000000 0.104436
294.000000 0.099860
295.000000 0.096433
296.000000 0.093667
297.000000 0.091477
298.000000 0.089717
299.000000 0.088276
300.000000 0.086890
301.000000 0.085459
302.000000 0.084067
303.000000 0.082322
304.000000 0.080640
305.000000 0.079185
306.000000 0.077685
307.000000 0.076041
308.000000 0.074822
309.000000 0.073901
310.000000 0.072588
311.000000 0.071214
312.000000 0.070201
313.000000 0.069397
314.000000 0.068545
315.000000 0.067596
316.000000 0.066604
317.000000 0.065674
318.000000 0.064974
319.000000 0.063931
320.000000 0.062711
321.000000 0.061971
322.000000 0.061284
323.000000 0.060274
324.000000 0.059564
325.000000 0.059020
326.000000 0.058231
327.000000 0.057429
328.000000 0.057210
329.000000 0.057102
330.000000 0.056332
331.000000 0.055414
332.000000 0.054575
333.000000 0.054001
334.000000 0.053348
335.000000 0.052746
336.000000 0.052142
337.000000 0.051554
338.000000 0.051144
339.000000 0.050670
340.000000 0.050555
341.000000 0.050175
342.000000 0.049538
343.000000 0.049034
344.000000 0.048573
345.000000 0.047967
346.000000 0.047661
347.000000 0.047232
348.000000 0.046482
349.000000 0.046371
350.000000 0.045778
351.000000 0.045202
352.000000 0.044636
353.000000 0.043584
354.000000 0.043228
355.000000 0.043741
356.000000 0.043587
357.000000 0.042583
358.000000 0.042230
359.000000 0.042032
360.000000 0.041656
361.000000 0.041626
362.000000 0.041447
363.000000 0.040971
364.000000 0.040556
365.000000 0.040183
366.000000 0.039577
367.000000 0.039004
368.000000 0.038802
369.000000 0.038764
370.000000 0.038782
371.000000 0.038259
372.000000 0.037638
373.000000 0.037388
374.000000 0.037364
375.000000 0.037231
376.000000 0.036321
377.000000 0.036182
378.000000 0.036607
379.000000 0.035802
380.000000 0.034848
381.000000 0.034944
382.000000 0.034980
383.000000 0.034451
384.000000 0.033720
385.000000 0.033393
386.000000 0.033457
387.000000 0.033111
388.000000 0.032717
389.000000 0.032363
390.000000 0.031989
391.000000 0.031932
392.000000 0.031901
393.000000 0.031424
394.000000 0.031032
395.000000 0.030901
396.000000 0.030667
397.000000 0.030730
398.000000 0.030421
399.000000 0.029737
400.000000 0.029508
 
График11 
-------------------
200.000000 1.790791
201.000000 1.701335
202.000000 1.669879
203.000000 1.617033
204.000000 1.272573
205.000000 0.908181
206.000000 0.973593
207.000000 1.220920
208.000000 1.368342
209.000000 1.751963
210.000000 2.035139
211.000000 2.266281
212.000000 2.406362
213.000000 2.771462
214.000000 3.037827
215.000000 2.616206
216.000000 2.568441
217.000000 2.960799
218.000000 3.143556
219.000000 3.229253
220.000000 3.360393
221.000000 3.401314
222.000000 2.591427
223.000000 2.343717
224.000000 2.519500
225.000000 2.924090
226.000000 3.221924
227.000000 3.418744
228.000000 3.561436
229.000000 3.657296
230.000000 3.733897
231.000000 3.865074
232.000000 3.689347
233.000000 3.678481
234.000000 4.021275
235.000000 4.221364
236.000000 3.527056
237.000000 3.377887
238.000000 3.527593
239.000000 3.238138
240.000000 3.111692
241.000000 2.825890
242.000000 2.484637
243.000000 2.224785
244.000000 1.992322
245.000000 1.764093
246.000000 1.564490
247.000000 1.414817
248.000000 1.285851
249.000000 1.146804
250.000000 1.015128
251.000000 0.918167
252.000000 0.853348
253.000000 0.801245
254.000000 0.755048
255.000000 0.714176
256.000000 0.679435
257.000000 0.651626
258.000000 0.628458
259.000000 0.606599
260.000000 0.583704
261.000000 0.561579
262.000000 0.543132
263.000000 0.529437
264.000000 0.519194
265.000000 0.513178
266.000000 0.510560
267.000000 0.507334
268.000000 0.502827
269.000000 0.496933
270.000000 0.490948
271.000000 0.487997
272.000000 0.488048
273.000000 0.488844
274.000000 0.486044
275.000000 0.476115
276.000000 0.458851
277.000000 0.437106
278.000000 0.415924
279.000000 0.398380
280.000000 0.384948
281.000000 0.372320
282.000000 0.355049
283.000000 0.328291
284.000000 0.292057
285.000000 0.251492
286.000000 0.213060
287.000000 0.181824
288.000000 0.157733
289.000000 0.139403
290.000000 0.126351
291.000000 0.117283
292.000000 0.110408
293.000000 0.104879
294.000000 0.100517
295.000000 0.097086
296.000000 0.094174
297.000000 0.092035
298.000000 0.090506
299.000000 0.088964
300.000000 0.087375
301.000000 0.085752
302.000000 0.084175
303.000000 0.082429
304.000000 0.080591
305.000000 0.079226
306.000000 0.078038
307.000000 0.076399
308.000000 0.074983
309.000000 0.074020
310.000000 0.073256
311.000000 0.072440
312.000000 0.071164
313.000000 0.070093
314.000000 0.069207
315.000000 0.068382
316.000000 0.067452
317.000000 0.066232
318.000000 0.065351
319.000000 0.064549
320.000000 0.063602
321.000000 0.062890
322.000000 0.062047
323.000000 0.060831
324.000000 0.060129
325.000000 0.059684
326.000000 0.059061
327.000000 0.058199
328.000000 0.057767
329.000000 0.057592
330.000000 0.056735
331.000000 0.055613
332.000000 0.054673
333.000000 0.053694
334.000000 0.052842
335.000000 0.052627
336.000000 0.052031
337.000000 0.051448
338.000000 0.050987
339.000000 0.050670
340.000000 0.050744
341.000000 0.050163
342.000000 0.049476
343.000000 0.049207
344.000000 0.048724
345.000000 0.048037
346.000000 0.047718
347.000000 0.047099
348.000000 0.046158
349.000000 0.045916
350.000000 0.045677
351.000000 0.045269
352.000000 0.044401
353.000000 0.043609
354.000000 0.043598
355.000000 0.043319
356.000000 0.042766
357.000000 0.042191
358.000000 0.041889
359.000000 0.041702
360.000000 0.041353
361.000000 0.041161
362.000000 0.040915
363.000000 0.040585
364.000000 0.040405
365.000000 0.040073
366.000000 0.039524
367.000000 0.039149
368.000000 0.038916
369.000000 0.038595
370.000000 0.038529
371.000000 0.038398
372.000000 0.038094
373.000000 0.037691
374.000000 0.037387
375.000000 0.037088
376.000000 0.036271
377.000000 0.036479
378.000000 0.036935
379.000000 0.035896
380.000000 0.035064
381.000000 0.035087
382.000000 0.034881
383.000000 0.034147
384.000000 0.033455
385.000000 0.033450
386.000000 0.033313
387.000000 0.033020
388.000000 0.032898
389.000000 0.032493
390.000000 0.032139
391.000000 0.031814
392.000000 0.031698
393.000000 0.031483
394.000000 0.031031
395.000000 0.030729
396.000000 0.030349
397.000000 0.030393
398.000000 0.030292
399.000000 0.029752
400.000000 0.029572
 
График12 
-------------------
200.000000 0.895670
201.000000 1.154952
202.000000 1.295288
203.000000 1.467279
204.000000 1.511644
205.000000 1.635636
206.000000 1.824817
207.000000 1.864509
208.000000 1.780197
209.000000 1.876889
210.000000 2.183916
211.000000 2.548725
212.000000 2.830918
213.000000 2.940050
214.000000 2.943395
215.000000 2.695173
216.000000 2.592075
217.000000 2.800563
218.000000 3.000515
219.000000 2.879405
220.000000 2.943663
221.000000 2.842326
222.000000 2.790222
223.000000 3.038148
224.000000 3.251050
225.000000 2.968471
226.000000 2.766670
227.000000 2.904882
228.000000 3.263274
229.000000 3.515012
230.000000 3.247712
231.000000 3.130148
232.000000 3.371709
233.000000 3.774486
234.000000 4.089718
235.000000 4.256404
236.000000 4.179415
237.000000 4.158142
238.000000 3.585796
239.000000 3.338150
240.000000 3.435685
241.000000 3.681814
242.000000 3.330216
243.000000 2.896789
244.000000 2.520574
245.000000 2.159646
246.000000 1.888212
247.000000 1.699077
248.000000 1.531910
249.000000 1.351666
250.000000 1.185666
251.000000 1.065255
252.000000 0.984364
253.000000 0.917969
254.000000 0.858952
255.000000 0.807622
256.000000 0.765026
257.000000 0.731093
258.000000 0.702065
259.000000 0.674517
260.000000 0.648201
261.000000 0.623802
262.000000 0.600816
263.000000 0.583896
264.000000 0.573475
265.000000 0.566508
266.000000 0.561947
267.000000 0.558172
268.000000 0.554040
269.000000 0.548027
270.000000 0.541945
271.000000 0.539513
272.000000 0.540411
273.000000 0.542035
274.000000 0.539779
275.000000 0.528917
276.000000 0.508687
277.000000 0.482288
278.000000 0.456311
279.000000 0.435097
280.000000 0.419043
281.000000 0.403831
282.000000 0.382486
283.000000 0.349701
284.000000 0.305238
285.000000 0.255413
286.000000 0.208174
287.000000 0.169514
288.000000 0.139977
289.000000 0.117539
290.000000 0.101430
291.000000 0.090392
292.000000 0.081924
293.000000 0.075536
294.000000 0.070827
295.000000 0.066845
296.000000 0.063690
297.000000 0.061808
298.000000 0.060526
299.000000 0.059068
300.000000 0.057655
301.000000 0.056172
302.000000 0.054887
303.000000 0.053637
304.000000 0.052521
305.000000 0.051594
306.000000 0.050768
307.000000 0.049970
308.000000 0.049142
309.000000 0.048419
310.000000 0.047699
311.000000 0.047434
312.000000 0.047142
313.000000 0.046574
314.000000 0.045854
315.000000 0.045069
316.000000 0.044336
317.000000 0.043809
318.000000 0.043201
319.000000 0.042229
320.000000 0.041343
321.000000 0.040884
322.000000 0.040603
323.000000 0.039833
324.000000 0.039453
325.000000 0.039315
326.000000 0.038977
327.000000 0.038526
328.000000 0.038393
329.000000 0.038095
330.000000 0.037378
331.000000 0.036375
332.000000 0.035495
333.000000 0.035377
334.000000 0.035348
335.000000 0.035064
336.000000 0.034644
337.000000 0.034336
338.000000 0.033861
339.000000 0.033682
340.000000 0.033724
341.000000 0.033678
342.000000 0.033867
343.000000 0.033797
344.000000 0.033367
345.000000 0.032930
346.000000 0.032574
347.000000 0.032147
348.000000 0.031644
349.000000 0.031568
350.000000 0.031234
351.000000 0.030957
352.000000 0.030595
353.000000 0.029692
354.000000 0.029463
355.000000 0.029775
356.000000 0.029426
357.000000 0.028855
358.000000 0.028773
359.000000 0.028495
360.000000 0.028138
361.000000 0.028466
362.000000 0.029277
363.000000 0.029143
364.000000 0.028463
365.000000 0.028023
366.000000 0.027793
367.000000 0.027757
368.000000 0.027505
369.000000 0.027433
370.000000 0.027557
371.000000 0.027448
372.000000 0.027219
373.000000 0.026941
374.000000 0.026731
375.000000 0.026819
376.000000 0.026773
377.000000 0.026952
378.000000 0.027188
379.000000 0.026539
380.000000 0.026188
381.000000 0.026437
382.000000 0.026084
383.000000 0.025643
384.000000 0.025293
385.000000 0.025474
386.000000 0.025854
387.000000 0.025744
388.000000 0.025984
389.000000 0.025617
390.000000 0.025090
391.000000 0.024926
392.000000 0.024692
393.000000 0.024780
394.000000 0.024896
395.000000 0.024725
396.000000 0.024289
397.000000 0.024475
398.000000 0.024685
399.000000 0.024389
400.000000 0.024289
 
График13 
-------------------
200.000000 1.783583
201.000000 1.451734
202.000000 1.039445
203.000000 1.010638
204.000000 1.282965
205.000000 1.398512
206.000000 1.350554
207.000000 1.468225
208.000000 1.855758
209.000000 2.130627
210.000000 2.324304
211.000000 2.645864
212.000000 2.887994
213.000000 3.059415
214.000000 2.853786
215.000000 2.835937
216.000000 3.128141
217.000000 3.306210
218.000000 3.395043
219.000000 3.119112
220.000000 3.075194
221.000000 3.286011
222.000000 3.365781
223.000000 2.941486
224.000000 2.639436
225.000000 2.725503
226.000000 3.089284
227.000000 3.351249
228.000000 3.534734
229.000000 3.649589
230.000000 3.316338
231.000000 3.288101
232.000000 3.677846
233.000000 4.011465
234.000000 4.237548
235.000000 4.322992
236.000000 4.324210
237.000000 4.324034
238.000000 4.066600
239.000000 3.891427
240.000000 3.984279
241.000000 4.120329
242.000000 4.111035
243.000000 4.075363
244.000000 4.054147
245.000000 4.132274
246.000000 4.271120
247.000000 4.001697
248.000000 3.924246
249.000000 3.471230
250.000000 3.349966
251.000000 3.664399
252.000000 3.632066
253.000000 3.483876
254.000000 3.263988
255.000000 2.978833
256.000000 2.754032
257.000000 2.583861
258.000000 2.406251
259.000000 2.231616
260.000000 2.116593
261.000000 2.015266
262.000000 1.931043
263.000000 1.895909
264.000000 1.884773
265.000000 1.875299
266.000000 1.879292
267.000000 1.899937
268.000000 1.921401
269.000000 1.948551
270.000000 1.982269
271.000000 2.023908
272.000000 2.085614
273.000000 2.140522
274.000000 2.168835
275.000000 2.172409
276.000000 2.169096
277.000000 2.166844
278.000000 2.166369
279.000000 2.147059
280.000000 2.090955
281.000000 2.021876
282.000000 1.943245
283.000000 1.840228
284.000000 1.726191
285.000000 1.601480
286.000000 1.463983
287.000000 1.318328
288.000000 1.151743
289.000000 0.970973
290.000000 0.799366
291.000000 0.651098
292.000000 0.508712
293.000000 0.382468
294.000000 0.285024
295.000000 0.213802
296.000000 0.164984
297.000000 0.128503
298.000000 0.100995
299.000000 0.082327
300.000000 0.069097
301.000000 0.059530
302.000000 0.052922
303.000000 0.047878
304.000000 0.044498
305.000000 0.042606
306.000000 0.041167
307.000000 0.039628
308.000000 0.038344
309.000000 0.037937
310.000000 0.037449
311.000000 0.037039
312.000000 0.036534
313.000000 0.035762
314.000000 0.035396
315.000000 0.035066
316.000000 0.034493
317.000000 0.033826
318.000000 0.033263
319.000000 0.032853
320.000000 0.032589
321.000000 0.032296
322.000000 0.031884
323.000000 0.031195
324.000000 0.031147
325.000000 0.031155
326.000000 0.030812
327.000000 0.030608
328.000000 0.030654
329.000000 0.030826
330.000000 0.030393
331.000000 0.029824
332.000000 0.029509
333.000000 0.029387
334.000000 0.029370
335.000000 0.029454
336.000000 0.029199
337.000000 0.028932
338.000000 0.028675
339.000000 0.028457
340.000000 0.028759
341.000000 0.028576
342.000000 0.028172
343.000000 0.028180
344.000000 0.027854
345.000000 0.027323
346.000000 0.027623
347.000000 0.027663
348.000000 0.026939
349.000000 0.026936
350.000000 0.026811
351.000000 0.026730
352.000000 0.026471
353.000000 0.025571
354.000000 0.025340
355.000000 0.025693
356.000000 0.025597
357.000000 0.025226
358.000000 0.025309
359.000000 0.025138
360.000000 0.024919
361.000000 0.025573
362.000000 0.026145
363.000000 0.025641
364.000000 0.025231
365.000000 0.025153
366.000000 0.024896
367.000000 0.024670
368.000000 0.024478
369.000000 0.024419
370.000000 0.024703
371.000000 0.024672
372.000000 0.024433
373.000000 0.024219
374.000000 0.024014
375.000000 0.024146
376.000000 0.023735
377.000000 0.023824
378.000000 0.024212
379.000000 0.023829
380.000000 0.023674
381.000000 0.023827
382.000000 0.023569
383.000000 0.023180
384.000000 0.022842
385.000000 0.023201
386.000000 0.023558
387.000000 0.023313
388.000000 0.023159
389.000000 0.022954
390.000000 0.023205
391.000000 0.023215
392.000000 0.023020
393.000000 0.022921
394.000000 0.022808
395.000000 0.022948
396.000000 0.022887
397.000000 0.022935
398.000000 0.022560
399.000000 0.021802
400.000000 0.021548
