 
График2 
-------------------
200.000000 1.502412
201.000000 1.837802
202.000000 1.994874
203.000000 2.016356
204.000000 1.977806
205.000000 1.884943
206.000000 1.916912
207.000000 2.111947
208.000000 1.789934
209.000000 1.652091
210.000000 1.864799
211.000000 1.948174
212.000000 1.756219
213.000000 1.685183
214.000000 1.641964
215.000000 1.627602
216.000000 1.685538
217.000000 1.761839
218.000000 1.831403
219.000000 1.919464
220.000000 2.061823
221.000000 2.170497
222.000000 2.232371
223.000000 2.331544
224.000000 2.463218
225.000000 2.687859
226.000000 2.932477
227.000000 2.858783
228.000000 2.888719
229.000000 2.951203
230.000000 3.081960
231.000000 3.383801
232.000000 3.608356
233.000000 3.949443
234.000000 4.199857
235.000000 4.207431
236.000000 3.543272
237.000000 3.462037
238.000000 3.228473
239.000000 3.019069
240.000000 3.040363
241.000000 3.091101
242.000000 2.836681
243.000000 2.456749
244.000000 2.219631
245.000000 2.001457
246.000000 1.770631
247.000000 1.573780
248.000000 1.388453
249.000000 1.185898
250.000000 0.966661
251.000000 0.793520
252.000000 0.681588
253.000000 0.592916
254.000000 0.522342
255.000000 0.469494
256.000000 0.421738
257.000000 0.382635
258.000000 0.352388
259.000000 0.327479
260.000000 0.305295
261.000000 0.286135
262.000000 0.272396
263.000000 0.264654
264.000000 0.259729
265.000000 0.257417
266.000000 0.258007
267.000000 0.260210
268.000000 0.264118
269.000000 0.268744
270.000000 0.273360
271.000000 0.279375
272.000000 0.286524
273.000000 0.293166
274.000000 0.298574
275.000000 0.303332
276.000000 0.306926
277.000000 0.308395
278.000000 0.307698
279.000000 0.304498
280.000000 0.298814
281.000000 0.290771
282.000000 0.281173
283.000000 0.269356
284.000000 0.255323
285.000000 0.239199
286.000000 0.221108
287.000000 0.202050
288.000000 0.180763
289.000000 0.155992
290.000000 0.129695
291.000000 0.105359
292.000000 0.082880
293.000000 0.062738
294.000000 0.045503
295.000000 0.032065
296.000000 0.023083
297.000000 0.016574
298.000000 0.011831
299.000000 0.008748
300.000000 0.006321
301.000000 0.004223
302.000000 0.002995
303.000000 0.002192
304.000000 0.001679
305.000000 0.001354
306.000000 0.001150
307.000000 0.000782
308.000000 0.000527
309.000000 0.000488
310.000000 0.000690
311.000000 0.000707
312.000000 0.000312
313.000000 0.000337
314.000000 0.000136
315.000000 0.000105
316.000000 0.000183
317.000000 -0.000033
318.000000 0.000121
319.000000 0.000225
320.000000 -0.000077
321.000000 0.000044
322.000000 0.000093
323.000000 -0.000437
324.000000 -0.000620
325.000000 -0.000180
326.000000 -0.000161
327.000000 -0.000196
328.000000 0.000329
329.000000 0.000545
330.000000 0.000498
331.000000 0.000022
332.000000 -0.000243
333.000000 -0.000179
334.000000 -0.000237
335.000000 -0.000535
336.000000 -0.000819
337.000000 -0.000435
338.000000 -0.000003
339.000000 -0.000150
340.000000 -0.000315
341.000000 -0.000426
342.000000 -0.000269
343.000000 -0.000199
344.000000 -0.000028
345.000000 0.000218
346.000000 -0.000139
347.000000 -0.000259
348.000000 -0.000470
349.000000 -0.000469
350.000000 -0.000189
351.000000 -0.000149
352.000000 -0.000326
353.000000 -0.000345
354.000000 -0.000223
355.000000 -0.000436
356.000000 -0.000715
357.000000 -0.000704
358.000000 -0.000666
359.000000 -0.000458
360.000000 0.000034
361.000000 -0.000036
362.000000 -0.000252
363.000000 -0.000440
364.000000 -0.000329
365.000000 0.000103
366.000000 0.000265
367.000000 0.000262
368.000000 0.000088
369.000000 -0.000146
370.000000 -0.000570
371.000000 -0.001155
372.000000 -0.000991
373.000000 -0.000537
374.000000 -0.000114
375.000000 0.000603
376.000000 0.000923
377.000000 0.000595
378.000000 0.000121
379.000000 -0.000012
380.000000 0.000056
381.000000 0.000057
382.000000 -0.000028
383.000000 -0.000173
384.000000 -0.000022
385.000000 0.000414
386.000000 0.000472
387.000000 0.000198
388.000000 -0.000344
389.000000 -0.000785
390.000000 -0.000647
391.000000 -0.000443
392.000000 -0.000042
393.000000 0.000153
394.000000 -0.000298
395.000000 -0.000363
396.000000 -0.000372
397.000000 -0.000204
398.000000 0.000394
399.000000 0.000770
400.000000 0.000896
 
График3 
-------------------
200.000000 2.233917
201.000000 1.410020
202.000000 1.318140
203.000000 1.656581
204.000000 1.825773
205.000000 1.248423
206.000000 1.142056
207.000000 1.489542
208.000000 1.925289
209.000000 2.313627
210.000000 2.641790
211.000000 2.914378
212.000000 3.045093
213.000000 2.690352
214.000000 2.533124
215.000000 2.522803
216.000000 2.662418
217.000000 3.084190
218.000000 3.237571
219.000000 3.002935
220.000000 2.842716
221.000000 2.970256
222.000000 3.326107
223.000000 3.535221
224.000000 3.103078
225.000000 2.731039
226.000000 2.785559
227.000000 3.137376
228.000000 3.379144
229.000000 3.507422
230.000000 3.570535
231.000000 3.192266
232.000000 3.092258
233.000000 3.205781
234.000000 3.328441
235.000000 3.385379
236.000000 3.404789
237.000000 3.692917
238.000000 3.863508
239.000000 4.144860
240.000000 3.679060
241.000000 3.406485
242.000000 3.459719
243.000000 3.682954
244.000000 3.919506
245.000000 4.103788
246.000000 4.069477
247.000000 3.307088
248.000000 2.845589
249.000000 2.416018
250.000000 1.948172
251.000000 1.618595
252.000000 1.403351
253.000000 1.226100
254.000000 1.081129
255.000000 0.964859
256.000000 0.862177
257.000000 0.780645
258.000000 0.718819
259.000000 0.667583
260.000000 0.623012
261.000000 0.586968
262.000000 0.559735
263.000000 0.540264
264.000000 0.529350
265.000000 0.526257
266.000000 0.527730
267.000000 0.532872
268.000000 0.542459
269.000000 0.555186
270.000000 0.569376
271.000000 0.584034
272.000000 0.599030
273.000000 0.614236
274.000000 0.628942
275.000000 0.642535
276.000000 0.653846
277.000000 0.661278
278.000000 0.663700
279.000000 0.659650
280.000000 0.648960
281.000000 0.632181
282.000000 0.611181
283.000000 0.587297
284.000000 0.560008
285.000000 0.529543
286.000000 0.494762
287.000000 0.456118
288.000000 0.410038
289.000000 0.354082
290.000000 0.293973
291.000000 0.238989
292.000000 0.187613
293.000000 0.140062
294.000000 0.100410
295.000000 0.070272
296.000000 0.050202
297.000000 0.035540
298.000000 0.024128
299.000000 0.016425
300.000000 0.010983
301.000000 0.007106
302.000000 0.004438
303.000000 0.002585
304.000000 0.001608
305.000000 0.000956
306.000000 0.000360
307.000000 -0.000249
308.000000 -0.000508
309.000000 -0.000598
310.000000 -0.000676
311.000000 -0.001206
312.000000 -0.001571
313.000000 -0.001309
314.000000 -0.001239
315.000000 -0.001257
316.000000 -0.001434
317.000000 -0.001834
318.000000 -0.001846
319.000000 -0.001468
320.000000 -0.001462
321.000000 -0.001602
322.000000 -0.001637
323.000000 -0.002067
324.000000 -0.002273
325.000000 -0.002028
326.000000 -0.002381
327.000000 -0.002572
328.000000 -0.002281
329.000000 -0.002106
330.000000 -0.001720
331.000000 -0.001722
332.000000 -0.002182
333.000000 -0.002408
334.000000 -0.002226
335.000000 -0.002350
336.000000 -0.002764
337.000000 -0.002313
338.000000 -0.002190
339.000000 -0.002469
340.000000 -0.002480
341.000000 -0.002395
342.000000 -0.002353
343.000000 -0.002160
344.000000 -0.001880
345.000000 -0.002218
346.000000 -0.002531
347.000000 -0.002704
348.000000 -0.002804
349.000000 -0.002578
350.000000 -0.002369
351.000000 -0.002428
352.000000 -0.002633
353.000000 -0.002711
354.000000 -0.002634
355.000000 -0.002606
356.000000 -0.002616
357.000000 -0.002756
358.000000 -0.002400
359.000000 -0.001899
360.000000 -0.002192
361.000000 -0.002301
362.000000 -0.001923
363.000000 -0.002108
364.000000 -0.002484
365.000000 -0.002502
366.000000 -0.002065
367.000000 -0.001530
368.000000 -0.001820
369.000000 -0.002057
370.000000 -0.002018
371.000000 -0.002062
372.000000 -0.001927
373.000000 -0.001973
374.000000 -0.001978
375.000000 -0.001990
376.000000 -0.001698
377.000000 -0.001095
378.000000 -0.000975
379.000000 -0.000770
380.000000 -0.000397
381.000000 -0.000673
382.000000 -0.001206
383.000000 -0.001474
384.000000 -0.001386
385.000000 -0.001048
386.000000 -0.001249
387.000000 -0.001661
388.000000 -0.001532
389.000000 -0.001481
390.000000 -0.001543
391.000000 -0.001364
392.000000 -0.001009
393.000000 -0.001259
394.000000 -0.001671
395.000000 -0.001334
396.000000 -0.001367
397.000000 -0.001583
398.000000 -0.001260
399.000000 -0.000912
400.000000 -0.000795
 
График4 
-------------------
200.000000 2.239354
201.000000 2.159435
202.000000 1.625085
203.000000 1.289143
204.000000 1.334374
205.000000 1.659063
206.000000 1.682963
207.000000 1.650712
208.000000 1.899058
209.000000 2.296130
210.000000 2.265982
211.000000 2.286524
212.000000 2.700297
213.000000 3.046573
214.000000 3.303240
215.000000 3.471812
216.000000 3.580241
217.000000 3.654738
218.000000 3.703841
219.000000 3.729141
220.000000 3.732309
221.000000 3.723520
222.000000 3.706510
223.000000 3.682780
224.000000 3.661385
225.000000 2.904292
226.000000 2.689353
227.000000 2.889226
228.000000 3.272399
229.000000 3.330192
230.000000 3.363470
231.000000 3.555404
232.000000 3.706579
233.000000 3.651448
234.000000 3.490152
235.000000 3.639024
236.000000 3.980553
237.000000 3.828540
238.000000 3.795509
239.000000 4.102366
240.000000 3.560451
241.000000 3.460357
242.000000 3.799977
243.000000 3.992920
244.000000 3.797056
245.000000 3.655878
246.000000 3.813863
247.000000 3.932614
248.000000 3.575267
249.000000 3.208521
250.000000 2.814697
251.000000 2.391685
252.000000 2.083959
253.000000 1.827598
254.000000 1.616161
255.000000 1.441092
256.000000 1.290640
257.000000 1.173077
258.000000 1.081690
259.000000 1.006693
260.000000 0.940150
261.000000 0.884122
262.000000 0.844063
263.000000 0.817440
264.000000 0.802589
265.000000 0.798613
266.000000 0.801690
267.000000 0.810553
268.000000 0.826306
269.000000 0.846998
270.000000 0.869861
271.000000 0.894230
272.000000 0.918890
273.000000 0.941872
274.000000 0.964207
275.000000 0.987167
276.000000 1.006732
277.000000 1.020537
278.000000 1.026611
279.000000 1.021580
280.000000 1.005458
281.000000 0.978739
282.000000 0.945732
283.000000 0.909638
284.000000 0.869445
285.000000 0.824552
286.000000 0.772295
287.000000 0.712597
288.000000 0.639998
289.000000 0.551146
290.000000 0.457391
291.000000 0.372464
292.000000 0.291785
293.000000 0.217960
294.000000 0.157138
295.000000 0.110896
296.000000 0.079887
297.000000 0.057134
298.000000 0.039853
299.000000 0.028093
300.000000 0.019708
301.000000 0.013951
302.000000 0.010209
303.000000 0.007765
304.000000 0.005964
305.000000 0.004729
306.000000 0.003931
307.000000 0.003196
308.000000 0.002868
309.000000 0.002833
310.000000 0.002557
311.000000 0.002253
312.000000 0.002328
313.000000 0.002343
314.000000 0.002135
315.000000 0.001944
316.000000 0.001852
317.000000 0.001594
318.000000 0.001640
319.000000 0.001938
320.000000 0.001665
321.000000 0.001403
322.000000 0.001527
323.000000 0.001517
324.000000 0.001819
325.000000 0.001820
326.000000 0.001068
327.000000 0.000624
328.000000 0.000559
329.000000 0.000860
330.000000 0.000990
331.000000 0.000634
332.000000 0.000677
333.000000 0.000889
334.000000 0.001040
335.000000 0.001040
336.000000 0.000889
337.000000 0.000969
338.000000 0.000845
339.000000 0.000349
340.000000 0.000001
341.000000 0.000507
342.000000 0.000662
343.000000 0.000144
344.000000 0.000121
345.000000 0.000321
346.000000 0.000285
347.000000 0.000228
348.000000 0.000147
349.000000 -0.000007
350.000000 0.000225
351.000000 0.000445
352.000000 -0.000001
353.000000 -0.000372
354.000000 -0.000316
355.000000 -0.000312
356.000000 -0.000305
357.000000 -0.000230
358.000000 0.000390
359.000000 0.000542
360.000000 -0.000159
361.000000 -0.000144
362.000000 0.000204
363.000000 -0.000076
364.000000 -0.000455
365.000000 -0.000107
366.000000 0.000579
367.000000 0.000517
368.000000 0.000026
369.000000 0.000070
370.000000 0.000224
371.000000 0.000019
372.000000 0.000165
373.000000 0.000349
374.000000 0.000428
375.000000 0.000653
376.000000 0.000547
377.000000 0.000359
378.000000 0.000132
379.000000 0.000281
380.000000 0.000736
381.000000 0.000896
382.000000 0.000893
383.000000 0.000799
384.000000 0.000885
385.000000 0.000820
386.000000 0.000653
387.000000 0.000622
388.000000 0.000320
389.000000 0.000270
390.000000 0.000465
391.000000 0.000654
392.000000 0.000886
393.000000 0.000654
394.000000 0.000648
395.000000 0.001050
396.000000 0.000896
397.000000 0.000595
398.000000 0.000683
399.000000 0.000837
400.000000 0.000889
 
График5 
-------------------
200.000000 2.229794
201.000000 2.158353
202.000000 2.091856
203.000000 1.479485
204.000000 1.378715
205.000000 1.455434
206.000000 1.309758
207.000000 1.434576
208.000000 1.772833
209.000000 2.007376
210.000000 2.282101
211.000000 2.386544
212.000000 2.594858
213.000000 2.572684
214.000000 2.398368
215.000000 2.480360
216.000000 2.839337
217.000000 3.225140
218.000000 3.499829
219.000000 3.648039
220.000000 2.876458
221.000000 2.637450
222.000000 2.819387
223.000000 3.202776
224.000000 3.286602
225.000000 3.321508
226.000000 3.517327
227.000000 3.155188
228.000000 3.100895
229.000000 3.431860
230.000000 2.974098
231.000000 2.911677
232.000000 3.320880
233.000000 3.528785
234.000000 3.701419
235.000000 4.036454
236.000000 3.932210
237.000000 3.902944
238.000000 3.806220
239.000000 3.781426
240.000000 4.088824
241.000000 4.208895
242.000000 4.193796
243.000000 4.154675
244.000000 4.126992
245.000000 4.200003
246.000000 3.695881
247.000000 3.576646
248.000000 3.875682
249.000000 3.737067
250.000000 3.567416
251.000000 3.113420
252.000000 2.708314
253.000000 2.391410
254.000000 2.127314
255.000000 1.905288
256.000000 1.708912
257.000000 1.552944
258.000000 1.433640
259.000000 1.334287
260.000000 1.249771
261.000000 1.175025
262.000000 1.120857
263.000000 1.089137
264.000000 1.070548
265.000000 1.066051
266.000000 1.072245
267.000000 1.086543
268.000000 1.108192
269.000000 1.134866
270.000000 1.164814
271.000000 1.197405
272.000000 1.231334
273.000000 1.260533
274.000000 1.289822
275.000000 1.324465
276.000000 1.354709
277.000000 1.375864
278.000000 1.383742
279.000000 1.377175
280.000000 1.353886
281.000000 1.316338
282.000000 1.273661
283.000000 1.223292
284.000000 1.168183
285.000000 1.110722
286.000000 1.043475
287.000000 0.963084
288.000000 0.862571
289.000000 0.740609
290.000000 0.613905
291.000000 0.500480
292.000000 0.392305
293.000000 0.293194
294.000000 0.211891
295.000000 0.150788
296.000000 0.109638
297.000000 0.079219
298.000000 0.056340
299.000000 0.040637
300.000000 0.029539
301.000000 0.021760
302.000000 0.016431
303.000000 0.012807
304.000000 0.010409
305.000000 0.008788
306.000000 0.007732
307.000000 0.006934
308.000000 0.006581
309.000000 0.006527
310.000000 0.006232
311.000000 0.006314
312.000000 0.006277
313.000000 0.006222
314.000000 0.005980
315.000000 0.005592
316.000000 0.005550
317.000000 0.005315
318.000000 0.004914
319.000000 0.004866
320.000000 0.004971
321.000000 0.004881
322.000000 0.004792
323.000000 0.004605
324.000000 0.004364
325.000000 0.004192
326.000000 0.003908
327.000000 0.003871
328.000000 0.004190
329.000000 0.004418
330.000000 0.004602
331.000000 0.004251
332.000000 0.003702
333.000000 0.003290
334.000000 0.003515
335.000000 0.003500
336.000000 0.002977
337.000000 0.003006
338.000000 0.002807
339.000000 0.002525
340.000000 0.002732
341.000000 0.002817
342.000000 0.002513
343.000000 0.002128
344.000000 0.002278
345.000000 0.002746
346.000000 0.003094
347.000000 0.002752
348.000000 0.002234
349.000000 0.002637
350.000000 0.002699
351.000000 0.002746
352.000000 0.002665
353.000000 0.002193
354.000000 0.002158
355.000000 0.002253
356.000000 0.002104
357.000000 0.001870
358.000000 0.002279
359.000000 0.002920
360.000000 0.002514
361.000000 0.002364
362.000000 0.002463
363.000000 0.001798
364.000000 0.001565
365.000000 0.001864
366.000000 0.002408
367.000000 0.002595
368.000000 0.002268
369.000000 0.002140
370.000000 0.002243
371.000000 0.002163
372.000000 0.001968
373.000000 0.001770
374.000000 0.002129
375.000000 0.002707
376.000000 0.003131
377.000000 0.003347
378.000000 0.002700
379.000000 0.002064
380.000000 0.002200
381.000000 0.002619
382.000000 0.003274
383.000000 0.003404
384.000000 0.002939
385.000000 0.003222
386.000000 0.003218
387.000000 0.002513
388.000000 0.002217
389.000000 0.001985
390.000000 0.001946
391.000000 0.002393
392.000000 0.002788
393.000000 0.002706
394.000000 0.002688
395.000000 0.002967
396.000000 0.002697
397.000000 0.002546
398.000000 0.002725
399.000000 0.002732
400.000000 0.002734
 
График6 
-------------------
200.000000 1.933570
201.000000 1.834663
202.000000 1.263214
203.000000 1.215357
204.000000 1.552992
205.000000 1.717210
206.000000 1.575087
207.000000 1.377064
208.000000 1.485778
209.000000 1.901315
210.000000 2.131304
211.000000 2.165053
212.000000 2.413813
213.000000 2.827410
214.000000 2.862281
215.000000 2.896077
216.000000 2.884892
217.000000 2.901279
218.000000 2.789481
219.000000 2.685619
220.000000 2.849432
221.000000 3.080191
222.000000 3.394860
223.000000 3.556541
224.000000 2.814553
225.000000 2.728578
226.000000 2.746658
227.000000 2.765044
228.000000 2.859917
229.000000 2.905138
230.000000 3.295958
231.000000 3.294569
232.000000 3.326584
233.000000 3.735361
234.000000 4.068179
235.000000 3.862529
236.000000 3.805348
237.000000 3.783060
238.000000 3.783281
239.000000 4.094678
240.000000 3.675930
241.000000 3.583461
242.000000 3.759083
243.000000 3.300458
244.000000 3.248975
245.000000 3.649378
246.000000 4.004415
247.000000 4.056749
248.000000 3.792536
249.000000 3.798383
250.000000 4.099853
251.000000 3.610575
252.000000 3.326044
253.000000 2.991824
254.000000 2.651920
255.000000 2.362587
256.000000 2.123605
257.000000 1.947986
258.000000 1.800035
259.000000 1.673536
260.000000 1.558153
261.000000 1.472966
262.000000 1.413412
263.000000 1.369704
264.000000 1.348182
265.000000 1.342598
266.000000 1.348068
267.000000 1.363371
268.000000 1.391470
269.000000 1.428733
270.000000 1.475307
271.000000 1.520170
272.000000 1.556671
273.000000 1.596900
274.000000 1.643796
275.000000 1.690231
276.000000 1.726434
277.000000 1.752361
278.000000 1.762345
279.000000 1.752627
280.000000 1.726060
281.000000 1.681201
282.000000 1.619885
283.000000 1.559981
284.000000 1.495357
285.000000 1.421074
286.000000 1.334460
287.000000 1.232802
288.000000 1.103297
289.000000 0.943613
290.000000 0.779424
291.000000 0.634001
292.000000 0.494853
293.000000 0.368029
294.000000 0.265214
295.000000 0.188366
296.000000 0.136515
297.000000 0.098184
298.000000 0.069098
299.000000 0.049008
300.000000 0.034711
301.000000 0.024621
302.000000 0.017692
303.000000 0.013017
304.000000 0.009962
305.000000 0.008380
306.000000 0.007239
307.000000 0.006054
308.000000 0.005405
309.000000 0.005093
310.000000 0.004939
311.000000 0.004562
312.000000 0.004533
313.000000 0.004718
314.000000 0.004584
315.000000 0.004397
316.000000 0.004228
317.000000 0.003871
318.000000 0.003468
319.000000 0.003537
320.000000 0.003550
321.000000 0.003462
322.000000 0.003215
323.000000 0.002717
324.000000 0.002383
325.000000 0.002377
326.000000 0.002134
327.000000 0.002119
328.000000 0.002685
329.000000 0.002838
330.000000 0.002368
331.000000 0.002167
332.000000 0.002328
333.000000 0.002256
334.000000 0.002102
335.000000 0.002044
336.000000 0.001808
337.000000 0.001587
338.000000 0.001566
339.000000 0.001598
340.000000 0.001790
341.000000 0.002199
342.000000 0.001993
343.000000 0.001512
344.000000 0.001872
345.000000 0.002026
346.000000 0.001329
347.000000 0.001016
348.000000 0.001555
349.000000 0.001890
350.000000 0.001752
351.000000 0.001412
352.000000 0.001078
353.000000 0.000752
354.000000 0.000641
355.000000 0.000782
356.000000 0.000702
357.000000 0.000534
358.000000 0.001009
359.000000 0.001641
360.000000 0.001401
361.000000 0.001273
362.000000 0.001267
363.000000 0.001003
364.000000 0.000690
365.000000 0.000931
366.000000 0.001783
367.000000 0.001634
368.000000 0.000943
369.000000 0.000728
370.000000 0.000496
371.000000 0.000409
372.000000 0.000715
373.000000 0.001120
374.000000 0.001477
375.000000 0.001584
376.000000 0.001582
377.000000 0.001400
378.000000 0.001507
379.000000 0.001887
380.000000 0.001984
381.000000 0.001997
382.000000 0.001995
383.000000 0.001903
384.000000 0.001940
385.000000 0.001906
386.000000 0.001787
387.000000 0.001845
388.000000 0.001675
389.000000 0.001295
390.000000 0.001166
391.000000 0.001553
392.000000 0.001824
393.000000 0.001422
394.000000 0.001281
395.000000 0.001654
396.000000 0.001820
397.000000 0.001914
398.000000 0.002050
399.000000 0.002099
400.000000 0.002116
 
График7 
-------------------
200.000000 2.227718
201.000000 1.835795
202.000000 1.945187
203.000000 1.951025
204.000000 1.942861
205.000000 1.978969
206.000000 1.638370
207.000000 1.611679
208.000000 2.032760
209.000000 2.403990
210.000000 2.718746
211.000000 2.972426
212.000000 3.171514
213.000000 3.326566
214.000000 2.942858
215.000000 2.892133
216.000000 3.251918
217.000000 3.285015
218.000000 2.876422
219.000000 2.872709
220.000000 3.207419
221.000000 3.404365
222.000000 3.025695
223.000000 2.827662
224.000000 2.998432
225.000000 3.321005
226.000000 3.516896
227.000000 3.250389
228.000000 3.174872
229.000000 3.421175
230.000000 3.646269
231.000000 3.831297
232.000000 4.035355
233.000000 4.080767
234.000000 4.119458
235.000000 4.296418
236.000000 3.937306
237.000000 3.747991
238.000000 3.897402
239.000000 3.793962
240.000000 3.763659
241.000000 4.038413
242.000000 3.567499
243.000000 3.476229
244.000000 3.546237
245.000000 3.596286
246.000000 3.923007
247.000000 3.685363
248.000000 3.647989
249.000000 3.744967
250.000000 3.796458
251.000000 4.161875
252.000000 4.082829
253.000000 4.059702
254.000000 4.356226
255.000000 4.492638
256.000000 4.517146
257.000000 4.196642
258.000000 3.782330
259.000000 3.747722
260.000000 3.347708
261.000000 2.867541
262.000000 2.776790
263.000000 2.892331
264.000000 3.107203
265.000000 3.312412
266.000000 3.229079
267.000000 3.193801
268.000000 3.345807
269.000000 3.729272
270.000000 4.001339
271.000000 4.167429
272.000000 4.276486
273.000000 4.291652
274.000000 3.554505
275.000000 3.455519
276.000000 3.667381
277.000000 3.780725
278.000000 3.748846
279.000000 3.398585
280.000000 3.430092
281.000000 3.529900
282.000000 3.298352
283.000000 3.276291
284.000000 3.371810
285.000000 3.339774
286.000000 3.119956
287.000000 2.952879
288.000000 2.614473
289.000000 2.204226
290.000000 1.829190
291.000000 1.493357
292.000000 1.153620
293.000000 0.859716
294.000000 0.623003
295.000000 0.448343
296.000000 0.330075
297.000000 0.239185
298.000000 0.168638
299.000000 0.119417
300.000000 0.084543
301.000000 0.059961
302.000000 0.043053
303.000000 0.031780
304.000000 0.024344
305.000000 0.019274
306.000000 0.016021
307.000000 0.013719
308.000000 0.012240
309.000000 0.011287
310.000000 0.010534
311.000000 0.010101
312.000000 0.009456
313.000000 0.009341
314.000000 0.009332
315.000000 0.009113
316.000000 0.009059
317.000000 0.008499
318.000000 0.007884
319.000000 0.007808
320.000000 0.007538
321.000000 0.007198
322.000000 0.006999
323.000000 0.006187
324.000000 0.006045
325.000000 0.006026
326.000000 0.005595
327.000000 0.005446
328.000000 0.005617
329.000000 0.005627
330.000000 0.005366
331.000000 0.005112
332.000000 0.004914
333.000000 0.005101
334.000000 0.005157
335.000000 0.005031
336.000000 0.004601
337.000000 0.004409
338.000000 0.004283
339.000000 0.003881
340.000000 0.004120
341.000000 0.004713
342.000000 0.004791
343.000000 0.004210
344.000000 0.003998
345.000000 0.004261
346.000000 0.004080
347.000000 0.003543
348.000000 0.002987
349.000000 0.003069
350.000000 0.003545
351.000000 0.003688
352.000000 0.003524
353.000000 0.003126
354.000000 0.002792
355.000000 0.002898
356.000000 0.002898
357.000000 0.002762
358.000000 0.003179
359.000000 0.003489
360.000000 0.003119
361.000000 0.002666
362.000000 0.002928
363.000000 0.002881
364.000000 0.002505
365.000000 0.002916
366.000000 0.003562
367.000000 0.003744
368.000000 0.003361
369.000000 0.003273
370.000000 0.003064
371.000000 0.002768
372.000000 0.003299
373.000000 0.003451
374.000000 0.003448
375.000000 0.004240
376.000000 0.004566
377.000000 0.004300
378.000000 0.004175
379.000000 0.003901
380.000000 0.003622
381.000000 0.003900
382.000000 0.004390
383.000000 0.004344
384.000000 0.004131
385.000000 0.004552
386.000000 0.004600
387.000000 0.004149
388.000000 0.003905
389.000000 0.003968
390.000000 0.003945
391.000000 0.003963
392.000000 0.004172
393.000000 0.003798
394.000000 0.003299
395.000000 0.003623
396.000000 0.003848
397.000000 0.003769
398.000000 0.004018
399.000000 0.004176
400.000000 0.004229
